Experiment Results - 20250816_184713
==================================================
n_online_list: [200]
n_runs: 1000
alpha: 0.4
M: 1000
==================================================

Per-t selection conditional statistics (mean/std across simulations):
    Method |    t |  Count | CovMean |  CovStd | LenMedian |  LenStd | InfFracMean |  InfFracStd |  CalMean |   CalStd
------------------------------------------------------------------------------------------------------
     Upper |    1 |    519 |   1.000 |   0.000 |     inf |     nan |       1.000 |       0.000 |    0.000 |    0.000
     Upper |    2 |    318 |   1.000 |   0.000 |     inf |     nan |       1.000 |       0.000 |    0.000 |    0.000
     Upper |    3 |    215 |   1.000 |   0.000 |     inf |     nan |       1.000 |       0.000 |    0.000 |    0.000
     Upper |    4 |    175 |   1.000 |   0.000 |     inf |     nan |       1.000 |       0.000 |  141.669 |   51.485
     Upper |    5 |    321 |   0.997 |   0.056 |     inf |     nan |       0.994 |       0.079 |  953.645 |  309.701
     Upper |    6 |    265 |   0.981 |   0.136 |     inf |     nan |       0.992 |       0.087 | 1162.675 |  373.423
     Upper |    7 |    213 |   0.986 |   0.118 |     inf |     nan |       0.981 |       0.136 | 1182.864 |  401.184
     Upper |    8 |    308 |   0.958 |   0.201 |     inf |     nan |       0.877 |       0.329 | 1278.990 |  423.408
     Upper |    9 |    303 |   0.967 |   0.179 |     inf |     nan |       0.855 |       0.352 | 1105.954 |  396.082
     Upper |   10 |    234 |   0.970 |   0.170 |     inf |     nan |       0.863 |       0.344 | 1116.115 |  389.597
     Upper |   11 |    328 |   0.893 |   0.309 |     inf |     nan |       0.683 |       0.465 | 1197.302 |  391.520
     Upper |   12 |    280 |   0.918 |   0.275 |     inf |     nan |       0.700 |       0.458 | 1124.621 |  375.527
     Upper |   13 |    242 |   0.913 |   0.282 |     inf |     nan |       0.694 |       0.461 | 1027.426 |  339.785
     Upper |   14 |    248 |   0.895 |   0.306 |     inf |     nan |       0.722 |       0.448 | 1012.653 |  357.280
     Upper |   15 |    302 |   0.881 |   0.324 |   3.931 |     nan |       0.464 |       0.499 | 1099.358 |  347.531
     Upper |   16 |    278 |   0.881 |   0.323 |   4.156 |     nan |       0.453 |       0.498 | 1050.579 |  346.308
     Upper |   17 |    251 |   0.873 |   0.334 |   3.460 |     nan |       0.434 |       0.496 | 1029.163 |  349.671
     Upper |   18 |    303 |   0.832 |   0.374 |   2.799 |     nan |       0.271 |       0.444 | 1088.835 |  319.850
     Upper |   19 |    287 |   0.871 |   0.335 |   2.880 |     nan |       0.282 |       0.450 | 1024.537 |  309.505
     Upper |   20 |    228 |   0.807 |   0.395 |   3.111 |     nan |       0.320 |       0.467 | 1019.307 |  327.513
     Upper |   21 |    309 |   0.832 |   0.374 |   2.476 |     nan |       0.139 |       0.346 | 1103.440 |  330.974
     Upper |   22 |    296 |   0.838 |   0.369 |   2.614 |     nan |       0.189 |       0.392 | 1017.490 |  311.746
     Upper |   23 |    271 |   0.815 |   0.388 |   2.644 |     nan |       0.225 |       0.418 |  955.631 |  313.366
     Upper |   24 |    244 |   0.852 |   0.355 |   2.683 |     nan |       0.221 |       0.415 |  937.484 |  302.771
     Upper |   25 |    304 |   0.763 |   0.425 |   2.372 |     nan |       0.109 |       0.311 | 1024.105 |  308.191
     Upper |   26 |    300 |   0.787 |   0.410 |   2.392 |     nan |       0.153 |       0.360 |  961.923 |  305.382
     Upper |   27 |    278 |   0.773 |   0.419 |   2.312 |     nan |       0.115 |       0.319 |  993.478 |  292.333
     Upper |   28 |    298 |   0.745 |   0.436 |   2.242 |     nan |       0.084 |       0.277 | 1031.094 |  307.056
     Upper |   29 |    271 |   0.801 |   0.399 |   2.228 |     nan |       0.100 |       0.300 |  976.897 |  291.096
     Upper |   30 |    271 |   0.764 |   0.425 |   2.336 |     nan |       0.085 |       0.279 |  975.173 |  278.998
     Upper |   31 |    316 |   0.756 |   0.429 |   2.119 |     nan |       0.041 |       0.199 | 1044.101 |  274.194
     Upper |   32 |    291 |   0.787 |   0.409 |   2.114 |     nan |       0.045 |       0.207 | 1004.656 |  281.607
     Upper |   33 |    278 |   0.759 |   0.428 |   2.169 |     nan |       0.050 |       0.219 |  961.468 |  289.337
     Upper |   34 |    271 |   0.827 |   0.379 |   2.205 |     nan |       0.059 |       0.236 |  958.280 |  271.159
     Upper |   35 |    308 |   0.721 |   0.449 |   2.039 |     nan |       0.013 |       0.113 | 1024.812 |  270.003
     Upper |   36 |    288 |   0.691 |   0.462 |   2.144 |     nan |       0.045 |       0.208 |  955.156 |  266.552
     Upper |   37 |    251 |   0.805 |   0.396 |   2.221 |     nan |       0.040 |       0.196 |  953.327 |  269.164
     Upper |   38 |    285 |   0.733 |   0.442 |   2.013 |     nan |       0.025 |       0.155 | 1010.228 |  268.530
     Upper |   39 |    249 |   0.775 |   0.418 |   2.049 |     nan |       0.024 |       0.153 |  992.538 |  257.426
     Upper |   40 |    253 |   0.767 |   0.423 |   2.060 |     nan |       0.036 |       0.185 |  948.814 |  270.739
     Upper |   41 |    291 |   0.729 |   0.445 |   1.885 |     nan |       0.017 |       0.130 | 1018.928 |  265.438
     Upper |   42 |    287 |   0.746 |   0.435 |   1.968 |     nan |       0.021 |       0.143 |  969.645 |  264.126
     Upper |   43 |    288 |   0.694 |   0.461 |   2.027 |     nan |       0.021 |       0.143 |  939.903 |  259.600
     Upper |   44 |    279 |   0.746 |   0.436 |   2.065 |     nan |       0.025 |       0.156 |  920.599 |  251.268
     Upper |   45 |    285 |   0.712 |   0.453 |   1.957 |     nan |       0.014 |       0.118 |  966.228 |  252.704
     Upper |   46 |    281 |   0.737 |   0.440 |   2.040 |     nan |       0.004 |       0.060 |  935.402 |  231.874
     Upper |   47 |    267 |   0.700 |   0.458 |   2.023 |     nan |       0.022 |       0.148 |  885.884 |  239.710
     Upper |   48 |    288 |   0.712 |   0.453 |   1.877 |     nan |       0.003 |       0.059 |  981.757 |  237.960
     Upper |   49 |    270 |   0.681 |   0.466 |   1.945 |     nan |       0.015 |       0.121 |  932.533 |  257.480
     Upper |   50 |    265 |   0.687 |   0.464 |   1.936 |     nan |       0.004 |       0.061 |  939.925 |  235.064
     Upper |   51 |    313 |   0.693 |   0.461 |   1.922 |   0.510 |       0.000 |       0.000 |  971.805 |  246.569
     Upper |   52 |    284 |   0.680 |   0.467 |   1.897 |     nan |       0.011 |       0.102 |  965.673 |  238.434
     Upper |   53 |    278 |   0.705 |   0.456 |   1.903 |     nan |       0.004 |       0.060 |  918.500 |  241.541
     Upper |   54 |    299 |   0.645 |   0.478 |   1.936 |     nan |       0.007 |       0.082 |  933.910 |  230.308
     Upper |   55 |    274 |   0.697 |   0.460 |   1.889 |     nan |       0.007 |       0.085 |  954.869 |  235.164
     Upper |   56 |    293 |   0.662 |   0.473 |   1.910 |     nan |       0.007 |       0.082 |  918.471 |  233.368
     Upper |   57 |    281 |   0.751 |   0.432 |   1.894 |     nan |       0.007 |       0.084 |  930.662 |  222.289
     Upper |   58 |    283 |   0.640 |   0.480 |   1.845 |     nan |       0.011 |       0.102 |  971.894 |  248.738
     Upper |   59 |    272 |   0.673 |   0.469 |   1.863 |     nan |       0.004 |       0.061 |  914.680 |  235.803
     Upper |   60 |    279 |   0.692 |   0.462 |   1.882 |     nan |       0.004 |       0.060 |  920.455 |  211.117
     Upper |   61 |    267 |   0.693 |   0.461 |   1.867 |     nan |       0.004 |       0.061 |  940.382 |  217.424
     Upper |   62 |    281 |   0.665 |   0.472 |   1.833 |     nan |       0.007 |       0.084 |  939.979 |  236.647
     Upper |   63 |    291 |   0.636 |   0.481 |   1.832 |     nan |       0.007 |       0.083 |  912.763 |  233.974
     Upper |   64 |    247 |   0.729 |   0.445 |   1.844 |     nan |       0.004 |       0.063 |  884.502 |  215.346
     Upper |   65 |    277 |   0.715 |   0.452 |   1.896 |     nan |       0.004 |       0.060 |  929.971 |  222.408
     Upper |   66 |    261 |   0.628 |   0.483 |   1.826 |     nan |       0.004 |       0.062 |  924.073 |  231.689
     Upper |   67 |    267 |   0.640 |   0.480 |   1.845 |   0.427 |       0.000 |       0.000 |  921.232 |  215.662
     Upper |   68 |    308 |   0.679 |   0.467 |   1.818 |   0.406 |       0.000 |       0.000 |  952.065 |  212.441
     Upper |   69 |    281 |   0.676 |   0.468 |   1.855 |     nan |       0.007 |       0.084 |  928.199 |  215.549
     Upper |   70 |    277 |   0.675 |   0.468 |   1.835 |     nan |       0.007 |       0.085 |  906.856 |  229.724
     Upper |   71 |    279 |   0.667 |   0.471 |   1.812 |     nan |       0.004 |       0.060 |  939.695 |  238.089
     Upper |   72 |    303 |   0.653 |   0.476 |   1.783 |     nan |       0.003 |       0.057 |  926.620 |  198.955
     Upper |   73 |    280 |   0.671 |   0.470 |   1.834 |     nan |       0.007 |       0.084 |  906.325 |  211.080
     Upper |   74 |    273 |   0.656 |   0.475 |   1.813 |     nan |       0.007 |       0.085 |  898.919 |  215.747
     Upper |   75 |    258 |   0.694 |   0.461 |   1.841 |   0.428 |       0.000 |       0.000 |  912.609 |  202.873
     Upper |   76 |    291 |   0.742 |   0.437 |   1.827 |     nan |       0.003 |       0.059 |  909.182 |  208.480
     Upper |   77 |    293 |   0.700 |   0.458 |   1.800 |   0.385 |       0.000 |       0.000 |  920.768 |  198.542
     Upper |   78 |    291 |   0.701 |   0.458 |   1.815 |     nan |       0.003 |       0.059 |  916.777 |  200.450
     Upper |   79 |    262 |   0.611 |   0.488 |   1.801 |   0.370 |       0.000 |       0.000 |  956.435 |  218.208
     Upper |   80 |    287 |   0.659 |   0.474 |   1.778 |     nan |       0.003 |       0.059 |  908.815 |  207.180
     Upper |   81 |    287 |   0.683 |   0.465 |   1.766 |     nan |       0.003 |       0.059 |  936.683 |  219.245
     Upper |   82 |    289 |   0.623 |   0.485 |   1.769 |   0.382 |       0.000 |       0.000 |  930.453 |  201.013
     Upper |   83 |    290 |   0.669 |   0.471 |   1.787 |   0.388 |       0.000 |       0.000 |  902.045 |  205.870
     Upper |   84 |    290 |   0.648 |   0.478 |   1.824 |     nan |       0.007 |       0.083 |  883.317 |  194.963
     Upper |   85 |    288 |   0.712 |   0.453 |   1.794 |     nan |       0.003 |       0.059 |  916.017 |  192.329
     Upper |   86 |    266 |   0.639 |   0.480 |   1.744 |   0.410 |       0.000 |       0.000 |  921.850 |  201.002
     Upper |   87 |    262 |   0.672 |   0.470 |   1.747 |   0.361 |       0.000 |       0.000 |  909.962 |  178.605
     Upper |   88 |    310 |   0.642 |   0.479 |   1.749 |   0.354 |       0.000 |       0.000 |  934.610 |  189.420
     Upper |   89 |    276 |   0.659 |   0.474 |   1.777 |   0.357 |       0.000 |       0.000 |  916.656 |  199.691
     Upper |   90 |    283 |   0.693 |   0.461 |   1.777 |   0.384 |       0.000 |       0.000 |  898.633 |  199.229
     Upper |   91 |    284 |   0.630 |   0.483 |   1.720 |   0.348 |       0.000 |       0.000 |  946.025 |  182.449
     Upper |   92 |    271 |   0.624 |   0.484 |   1.741 |   0.354 |       0.000 |       0.000 |  922.948 |  189.376
     Upper |   93 |    285 |   0.677 |   0.468 |   1.734 |   0.372 |       0.000 |       0.000 |  908.242 |  204.214
     Upper |   94 |    257 |   0.630 |   0.483 |   1.779 |   0.350 |       0.000 |       0.000 |  924.245 |  193.646
     Upper |   95 |    291 |   0.622 |   0.485 |   1.696 |   0.306 |       0.000 |       0.000 |  921.031 |  182.915
     Upper |   96 |    271 |   0.679 |   0.467 |   1.716 |   0.344 |       0.000 |       0.000 |  916.391 |  190.382
     Upper |   97 |    261 |   0.678 |   0.467 |   1.729 |   0.382 |       0.000 |       0.000 |  908.602 |  190.304
     Upper |   98 |    312 |   0.644 |   0.479 |   1.759 |   0.318 |       0.000 |       0.000 |  935.413 |  190.879
     Upper |   99 |    279 |   0.663 |   0.473 |   1.770 |   0.360 |       0.000 |       0.000 |  905.276 |  183.454
     Upper |  100 |    282 |   0.660 |   0.474 |   1.740 |   0.326 |       0.000 |       0.000 |  898.748 |  202.836
     Upper |  101 |    303 |   0.690 |   0.463 |   1.708 |   0.330 |       0.000 |       0.000 |  929.917 |  182.590
     Upper |  102 |    291 |   0.677 |   0.468 |   1.736 |   0.291 |       0.000 |       0.000 |  903.742 |  184.140
     Upper |  103 |    286 |   0.650 |   0.477 |   1.733 |   0.327 |       0.000 |       0.000 |  893.552 |  185.304
     Upper |  104 |    283 |   0.671 |   0.470 |   1.756 |   0.317 |       0.000 |       0.000 |  895.611 |  172.339
     Upper |  105 |    278 |   0.622 |   0.485 |   1.712 |   0.305 |       0.000 |       0.000 |  909.522 |  188.704
     Upper |  106 |    273 |   0.641 |   0.480 |   1.763 |   0.323 |       0.000 |       0.000 |  905.304 |  173.717
     Upper |  107 |    266 |   0.635 |   0.481 |   1.745 |   0.303 |       0.000 |       0.000 |  913.500 |  175.191
     Upper |  108 |    302 |   0.646 |   0.478 |   1.705 |   0.316 |       0.000 |       0.000 |  918.526 |  183.650
     Upper |  109 |    275 |   0.611 |   0.488 |   1.757 |   0.320 |       0.000 |       0.000 |  917.647 |  179.612
     Upper |  110 |    296 |   0.622 |   0.485 |   1.756 |   0.315 |       0.000 |       0.000 |  901.105 |  180.973
     Upper |  111 |    269 |   0.639 |   0.480 |   1.725 |   0.315 |       0.000 |       0.000 |  930.643 |  173.849
     Upper |  112 |    284 |   0.680 |   0.467 |   1.730 |   0.314 |       0.000 |       0.000 |  923.856 |  175.756
     Upper |  113 |    288 |   0.649 |   0.477 |   1.703 |   0.289 |       0.000 |       0.000 |  896.958 |  168.434
     Upper |  114 |    279 |   0.688 |   0.463 |   1.714 |   0.288 |       0.000 |       0.000 |  892.616 |  159.654
     Upper |  115 |    301 |   0.674 |   0.469 |   1.707 |   0.321 |       0.000 |       0.000 |  902.355 |  174.598
     Upper |  116 |    291 |   0.615 |   0.487 |   1.700 |   0.304 |       0.000 |       0.000 |  914.515 |  165.567
     Upper |  117 |    272 |   0.574 |   0.495 |   1.751 |   0.312 |       0.000 |       0.000 |  890.934 |  183.608
     Upper |  118 |    301 |   0.631 |   0.482 |   1.738 |   0.296 |       0.000 |       0.000 |  927.379 |  178.917
     Upper |  119 |    284 |   0.574 |   0.495 |   1.695 |   0.306 |       0.000 |       0.000 |  908.803 |  175.470
     Upper |  120 |    267 |   0.592 |   0.492 |   1.691 |   0.295 |       0.000 |       0.000 |  908.371 |  169.033
     Upper |  121 |    298 |   0.668 |   0.471 |   1.693 |   0.295 |       0.000 |       0.000 |  927.789 |  182.132
     Upper |  122 |    282 |   0.688 |   0.463 |   1.707 |   0.296 |       0.000 |       0.000 |  937.521 |  178.091
     Upper |  123 |    257 |   0.693 |   0.461 |   1.724 |   0.291 |       0.000 |       0.000 |  908.681 |  176.081
     Upper |  124 |    294 |   0.650 |   0.477 |   1.720 |   0.298 |       0.000 |       0.000 |  907.320 |  161.835
     Upper |  125 |    272 |   0.680 |   0.466 |   1.731 |   0.288 |       0.000 |       0.000 |  925.599 |  166.116
     Upper |  126 |    284 |   0.680 |   0.467 |   1.688 |   0.274 |       0.000 |       0.000 |  902.148 |  166.867
     Upper |  127 |    290 |   0.617 |   0.486 |   1.708 |   0.305 |       0.000 |       0.000 |  904.886 |  173.849
     Upper |  128 |    282 |   0.645 |   0.478 |   1.706 |   0.325 |       0.000 |       0.000 |  915.074 |  173.792
     Upper |  129 |    291 |   0.646 |   0.478 |   1.698 |   0.266 |       0.000 |       0.000 |  904.711 |  167.652
     Upper |  130 |    266 |   0.695 |   0.460 |   1.696 |   0.300 |       0.000 |       0.000 |  889.417 |  168.782
     Upper |  131 |    282 |   0.610 |   0.488 |   1.692 |   0.285 |       0.000 |       0.000 |  914.741 |  160.913
     Upper |  132 |    272 |   0.618 |   0.486 |   1.713 |   0.330 |       0.000 |       0.000 |  915.445 |  171.922
     Upper |  133 |    287 |   0.634 |   0.482 |   1.685 |   0.300 |       0.000 |       0.000 |  900.815 |  165.930
     Upper |  134 |    327 |   0.630 |   0.483 |   1.709 |   0.279 |       0.000 |       0.000 |  897.991 |  161.933
     Upper |  135 |    293 |   0.648 |   0.477 |   1.696 |   0.303 |       0.000 |       0.000 |  911.147 |  158.691
     Upper |  136 |    303 |   0.647 |   0.478 |   1.691 |   0.291 |       0.000 |       0.000 |  908.752 |  163.051
     Upper |  137 |    282 |   0.660 |   0.474 |   1.663 |   0.288 |       0.000 |       0.000 |  905.674 |  157.000
     Upper |  138 |    299 |   0.662 |   0.473 |   1.631 |   0.290 |       0.000 |       0.000 |  917.010 |  165.499
     Upper |  139 |    286 |   0.636 |   0.481 |   1.680 |   0.289 |       0.000 |       0.000 |  899.969 |  160.168
     Upper |  140 |    285 |   0.611 |   0.488 |   1.648 |   0.289 |       0.000 |       0.000 |  899.846 |  154.917
     Upper |  141 |    312 |   0.647 |   0.478 |   1.682 |   0.253 |       0.000 |       0.000 |  931.205 |  168.319
     Upper |  142 |    273 |   0.612 |   0.487 |   1.668 |   0.276 |       0.000 |       0.000 |  898.245 |  160.079
     Upper |  143 |    299 |   0.686 |   0.464 |   1.684 |   0.276 |       0.000 |       0.000 |  893.769 |  159.485
     Upper |  144 |    306 |   0.624 |   0.484 |   1.682 |   0.278 |       0.000 |       0.000 |  891.539 |  151.785
     Upper |  145 |    283 |   0.618 |   0.486 |   1.674 |   0.255 |       0.000 |       0.000 |  904.399 |  157.090
     Upper |  146 |    283 |   0.618 |   0.486 |   1.667 |   0.270 |       0.000 |       0.000 |  893.795 |  158.446
     Upper |  147 |    274 |   0.661 |   0.474 |   1.690 |   0.260 |       0.000 |       0.000 |  888.026 |  163.922
     Upper |  148 |    294 |   0.629 |   0.483 |   1.686 |   0.275 |       0.000 |       0.000 |  911.160 |  148.400
     Upper |  149 |    293 |   0.655 |   0.475 |   1.693 |   0.267 |       0.000 |       0.000 |  901.137 |  148.044
     Upper |  150 |    263 |   0.624 |   0.484 |   1.669 |   0.252 |       0.000 |       0.000 |  902.806 |  158.810
     Upper |  151 |    288 |   0.628 |   0.483 |   1.693 |   0.266 |       0.000 |       0.000 |  903.274 |  158.292
     Upper |  152 |    280 |   0.643 |   0.479 |   1.661 |   0.254 |       0.000 |       0.000 |  903.532 |  155.520
     Upper |  153 |    285 |   0.646 |   0.478 |   1.695 |   0.252 |       0.000 |       0.000 |  898.526 |  147.359
     Upper |  154 |    277 |   0.574 |   0.494 |   1.679 |   0.261 |       0.000 |       0.000 |  912.625 |  144.096
     Upper |  155 |    268 |   0.713 |   0.453 |   1.669 |   0.253 |       0.000 |       0.000 |  908.903 |  151.699
     Upper |  156 |    293 |   0.638 |   0.481 |   1.650 |   0.255 |       0.000 |       0.000 |  902.730 |  159.286
     Upper |  157 |    320 |   0.650 |   0.477 |   1.688 |   0.257 |       0.000 |       0.000 |  898.231 |  145.194
     Upper |  158 |    307 |   0.635 |   0.481 |   1.672 |   0.262 |       0.000 |       0.000 |  903.909 |  156.545
     Upper |  159 |    302 |   0.583 |   0.493 |   1.708 |   0.256 |       0.000 |       0.000 |  897.805 |  155.412
     Upper |  160 |    294 |   0.650 |   0.477 |   1.660 |   0.266 |       0.000 |       0.000 |  909.415 |  145.786
     Upper |  161 |    296 |   0.632 |   0.482 |   1.650 |   0.252 |       0.000 |       0.000 |  921.409 |  147.941
     Upper |  162 |    328 |   0.671 |   0.470 |   1.659 |   0.256 |       0.000 |       0.000 |  908.399 |  146.924
     Upper |  163 |    288 |   0.622 |   0.485 |   1.656 |   0.264 |       0.000 |       0.000 |  907.444 |  156.625
     Upper |  164 |    278 |   0.658 |   0.474 |   1.652 |   0.272 |       0.000 |       0.000 |  902.730 |  143.974
     Upper |  165 |    291 |   0.660 |   0.474 |   1.689 |   0.249 |       0.000 |       0.000 |  915.687 |  138.375
     Upper |  166 |    280 |   0.639 |   0.480 |   1.679 |   0.251 |       0.000 |       0.000 |  894.536 |  142.568
     Upper |  167 |    279 |   0.681 |   0.466 |   1.651 |   0.263 |       0.000 |       0.000 |  899.330 |  148.290
     Upper |  168 |    292 |   0.640 |   0.480 |   1.617 |   0.244 |       0.000 |       0.000 |  904.339 |  151.728
     Upper |  169 |    298 |   0.581 |   0.493 |   1.669 |   0.253 |       0.000 |       0.000 |  912.262 |  144.362
     Upper |  170 |    306 |   0.673 |   0.469 |   1.680 |   0.266 |       0.000 |       0.000 |  903.725 |  147.436
     Upper |  171 |    287 |   0.672 |   0.469 |   1.658 |   0.244 |       0.000 |       0.000 |  918.937 |  143.321
     Upper |  172 |    298 |   0.664 |   0.472 |   1.656 |   0.258 |       0.000 |       0.000 |  893.651 |  153.035
     Upper |  173 |    292 |   0.606 |   0.489 |   1.637 |   0.254 |       0.000 |       0.000 |  890.301 |  156.470
     Upper |  174 |    320 |   0.644 |   0.479 |   1.669 |   0.248 |       0.000 |       0.000 |  890.159 |  150.101
     Upper |  175 |    285 |   0.604 |   0.489 |   1.666 |   0.241 |       0.000 |       0.000 |  905.449 |  150.717
     Upper |  176 |    295 |   0.647 |   0.478 |   1.680 |   0.243 |       0.000 |       0.000 |  900.956 |  147.161
     Upper |  177 |    265 |   0.634 |   0.482 |   1.662 |   0.247 |       0.000 |       0.000 |  913.091 |  149.480
     Upper |  178 |    281 |   0.633 |   0.482 |   1.646 |   0.235 |       0.000 |       0.000 |  903.310 |  152.654
     Upper |  179 |    313 |   0.610 |   0.488 |   1.661 |   0.240 |       0.000 |       0.000 |  897.364 |  139.342
     Upper |  180 |    273 |   0.645 |   0.479 |   1.681 |   0.243 |       0.000 |       0.000 |  893.271 |  158.756
     Upper |  181 |    297 |   0.673 |   0.469 |   1.638 |   0.255 |       0.000 |       0.000 |  911.428 |  148.158
     Upper |  182 |    293 |   0.638 |   0.481 |   1.658 |   0.261 |       0.000 |       0.000 |  899.512 |  145.255
     Upper |  183 |    288 |   0.580 |   0.494 |   1.661 |   0.255 |       0.000 |       0.000 |  886.896 |  140.813
     Upper |  184 |    285 |   0.670 |   0.470 |   1.670 |   0.279 |       0.000 |       0.000 |  884.411 |  155.082
     Upper |  185 |    267 |   0.659 |   0.474 |   1.625 |   0.226 |       0.000 |       0.000 |  907.266 |  148.921
     Upper |  186 |    308 |   0.610 |   0.488 |   1.650 |   0.237 |       0.000 |       0.000 |  895.175 |  137.152
     Upper |  187 |    270 |   0.589 |   0.492 |   1.661 |   0.261 |       0.000 |       0.000 |  916.941 |  144.109
     Upper |  188 |    296 |   0.608 |   0.488 |   1.655 |   0.227 |       0.000 |       0.000 |  900.348 |  144.979
     Upper |  189 |    288 |   0.618 |   0.486 |   1.649 |   0.223 |       0.000 |       0.000 |  898.375 |  149.693
     Upper |  190 |    299 |   0.625 |   0.484 |   1.656 |   0.232 |       0.000 |       0.000 |  884.803 |  152.762
     Upper |  191 |    274 |   0.599 |   0.490 |   1.653 |   0.226 |       0.000 |       0.000 |  912.646 |  140.663
     Upper |  192 |    289 |   0.644 |   0.479 |   1.646 |   0.241 |       0.000 |       0.000 |  894.467 |  131.575
     Upper |  193 |    290 |   0.679 |   0.467 |   1.651 |   0.227 |       0.000 |       0.000 |  897.248 |  134.736
     Upper |  194 |    282 |   0.660 |   0.474 |   1.670 |   0.229 |       0.000 |       0.000 |  896.188 |  144.728
     Upper |  195 |    282 |   0.628 |   0.483 |   1.619 |   0.244 |       0.000 |       0.000 |  909.504 |  145.774
     Upper |  196 |    301 |   0.591 |   0.492 |   1.657 |   0.227 |       0.000 |       0.000 |  889.571 |  143.475
     Upper |  197 |    292 |   0.596 |   0.491 |   1.656 |   0.252 |       0.000 |       0.000 |  882.503 |  136.990
     Upper |  198 |    280 |   0.618 |   0.486 |   1.620 |   0.228 |       0.000 |       0.000 |  903.425 |  141.448
     Upper |  199 |    288 |   0.622 |   0.485 |   1.630 |   0.238 |       0.000 |       0.000 |  897.160 |  146.004
 Randomize |    1 |    519 |   1.000 |   0.000 |     inf |     nan |       1.000 |       0.000 |    0.000 |    0.000
 Randomize |    2 |    318 |   1.000 |   0.000 |     inf |     nan |       1.000 |       0.000 |    0.000 |    0.000
 Randomize |    3 |    215 |   1.000 |   0.000 |     inf |     nan |       1.000 |       0.000 |    0.000 |    0.000
 Randomize |    4 |    175 |   0.903 |   0.296 |     inf |     nan |       0.960 |       0.196 |  141.669 |   51.485
 Randomize |    5 |    321 |   0.816 |   0.387 |     inf |     nan |       0.707 |       0.455 |  953.645 |  309.701
 Randomize |    6 |    265 |   0.796 |   0.403 |     inf |     nan |       0.642 |       0.480 | 1162.838 |  373.493
 Randomize |    7 |    213 |   0.789 |   0.408 |     inf |     nan |       0.676 |       0.468 | 1183.014 |  401.066
 Randomize |    8 |    308 |   0.766 |   0.423 |   3.408 |     nan |       0.464 |       0.499 | 1278.890 |  423.297
 Randomize |    9 |    303 |   0.779 |   0.415 |   3.606 |     nan |       0.475 |       0.499 | 1105.630 |  396.103
 Randomize |   10 |    234 |   0.718 |   0.450 |   2.850 |     nan |       0.440 |       0.496 | 1115.726 |  389.780
 Randomize |   11 |    328 |   0.716 |   0.451 |   2.228 |     nan |       0.250 |       0.433 | 1197.335 |  391.243
 Randomize |   12 |    280 |   0.714 |   0.452 |   2.311 |     nan |       0.282 |       0.450 | 1124.925 |  375.581
 Randomize |   13 |    242 |   0.711 |   0.453 |   2.450 |     nan |       0.314 |       0.464 | 1027.860 |  339.977
 Randomize |   14 |    248 |   0.685 |   0.464 |   2.398 |     nan |       0.286 |       0.452 | 1012.952 |  357.060
 Randomize |   15 |    302 |   0.728 |   0.445 |   2.138 |     nan |       0.159 |       0.366 | 1099.788 |  347.958
 Randomize |   16 |    278 |   0.712 |   0.453 |   1.985 |     nan |       0.122 |       0.328 | 1050.165 |  346.085
 Randomize |   17 |    251 |   0.685 |   0.464 |   2.050 |     nan |       0.143 |       0.351 | 1028.359 |  349.677
 Randomize |   18 |    303 |   0.667 |   0.471 |   1.929 |     nan |       0.096 |       0.294 | 1088.818 |  319.751
 Randomize |   19 |    287 |   0.728 |   0.445 |   1.969 |     nan |       0.105 |       0.306 | 1024.613 |  309.699
 Randomize |   20 |    228 |   0.675 |   0.468 |   1.934 |     nan |       0.096 |       0.295 | 1018.890 |  328.073
 Randomize |   21 |    309 |   0.650 |   0.477 |   1.835 |     nan |       0.045 |       0.208 | 1104.078 |  331.261
 Randomize |   22 |    296 |   0.686 |   0.464 |   1.876 |     nan |       0.061 |       0.239 | 1017.378 |  311.313
 Randomize |   23 |    271 |   0.731 |   0.444 |   1.967 |     nan |       0.085 |       0.279 |  956.203 |  313.061
 Randomize |   24 |    244 |   0.709 |   0.454 |   1.974 |     nan |       0.078 |       0.268 |  936.865 |  302.666
 Randomize |   25 |    304 |   0.641 |   0.480 |   1.862 |     nan |       0.030 |       0.169 | 1023.793 |  308.166
 Randomize |   26 |    300 |   0.657 |   0.475 |   1.837 |     nan |       0.047 |       0.211 |  962.670 |  304.875
 Randomize |   27 |    278 |   0.655 |   0.475 |   1.789 |     nan |       0.040 |       0.195 |  993.320 |  291.713
 Randomize |   28 |    298 |   0.638 |   0.481 |   1.841 |     nan |       0.020 |       0.140 | 1031.416 |  307.302
 Randomize |   29 |    271 |   0.708 |   0.454 |   1.814 |     nan |       0.026 |       0.159 |  976.380 |  291.429
 Randomize |   30 |    271 |   0.672 |   0.470 |   1.855 |     nan |       0.022 |       0.147 |  974.863 |  279.578
 Randomize |   31 |    316 |   0.680 |   0.466 |   1.804 |     nan |       0.006 |       0.079 | 1044.203 |  273.780
 Randomize |   32 |    291 |   0.687 |   0.464 |   1.762 |     nan |       0.010 |       0.101 | 1005.062 |  282.145
 Randomize |   33 |    278 |   0.665 |   0.472 |   1.751 |     nan |       0.004 |       0.060 |  961.288 |  289.852
 Randomize |   34 |    271 |   0.701 |   0.458 |   1.806 |     nan |       0.011 |       0.105 |  958.387 |  270.926
 Randomize |   35 |    308 |   0.627 |   0.484 |   1.719 |     nan |       0.003 |       0.057 | 1024.484 |  270.189
 Randomize |   36 |    288 |   0.597 |   0.490 |   1.793 |     nan |       0.003 |       0.059 |  955.479 |  266.948
 Randomize |   37 |    251 |   0.729 |   0.444 |   1.892 |     nan |       0.012 |       0.109 |  953.004 |  269.956
 Randomize |   38 |    285 |   0.656 |   0.475 |   1.671 |     nan |       0.007 |       0.083 | 1009.744 |  268.482
 Randomize |   39 |    249 |   0.703 |   0.457 |   1.759 |     nan |       0.020 |       0.140 |  992.365 |  258.034
 Randomize |   40 |    253 |   0.692 |   0.462 |   1.709 |     nan |       0.012 |       0.108 |  948.925 |  270.514
 Randomize |   41 |    291 |   0.656 |   0.475 |   1.667 |     nan |       0.014 |       0.116 | 1019.351 |  265.466
 Randomize |   42 |    287 |   0.662 |   0.473 |   1.674 |     nan |       0.010 |       0.102 |  969.662 |  263.893
 Randomize |   43 |    288 |   0.625 |   0.484 |   1.688 |     nan |       0.010 |       0.102 |  940.080 |  259.089
 Randomize |   44 |    279 |   0.659 |   0.474 |   1.736 |     nan |       0.004 |       0.060 |  920.699 |  251.410
 Randomize |   45 |    285 |   0.646 |   0.478 |   1.680 |     nan |       0.007 |       0.083 |  966.804 |  252.641
 Randomize |   46 |    281 |   0.676 |   0.468 |   1.755 |     nan |       0.004 |       0.060 |  936.053 |  232.202
 Randomize |   47 |    267 |   0.629 |   0.483 |   1.698 |     nan |       0.004 |       0.061 |  885.719 |  239.438
 Randomize |   48 |    288 |   0.660 |   0.474 |   1.617 |     nan |       0.003 |       0.059 |  981.319 |  236.768
 Randomize |   49 |    270 |   0.585 |   0.493 |   1.658 |   0.458 |       0.000 |       0.000 |  932.726 |  257.189
 Randomize |   50 |    265 |   0.608 |   0.488 |   1.642 |   0.471 |       0.000 |       0.000 |  939.683 |  235.987
 Randomize |   51 |    313 |   0.604 |   0.489 |   1.673 |   0.449 |       0.000 |       0.000 |  971.463 |  246.754
 Randomize |   52 |    284 |   0.641 |   0.480 |   1.667 |     nan |       0.007 |       0.084 |  965.989 |  238.628
 Randomize |   53 |    278 |   0.622 |   0.485 |   1.680 |   0.485 |       0.000 |       0.000 |  917.745 |  241.961
 Randomize |   54 |    299 |   0.569 |   0.495 |   1.671 |     nan |       0.003 |       0.058 |  934.773 |  229.931
 Randomize |   55 |    274 |   0.620 |   0.485 |   1.685 |   0.484 |       0.000 |       0.000 |  955.007 |  234.717
 Randomize |   56 |    293 |   0.594 |   0.491 |   1.682 |     nan |       0.003 |       0.058 |  919.171 |  232.531
 Randomize |   57 |    281 |   0.680 |   0.467 |   1.614 |   0.477 |       0.000 |       0.000 |  930.765 |  222.662
 Randomize |   58 |    283 |   0.590 |   0.492 |   1.634 |   0.435 |       0.000 |       0.000 |  972.046 |  248.623
 Randomize |   59 |    272 |   0.592 |   0.491 |   1.658 |   0.426 |       0.000 |       0.000 |  915.088 |  236.235
 Randomize |   60 |    279 |   0.638 |   0.481 |   1.672 |   0.407 |       0.000 |       0.000 |  920.910 |  210.997
 Randomize |   61 |    267 |   0.622 |   0.485 |   1.644 |     nan |       0.004 |       0.061 |  940.940 |  216.632
 Randomize |   62 |    281 |   0.594 |   0.491 |   1.652 |     nan |       0.007 |       0.084 |  939.982 |  235.737
 Randomize |   63 |    291 |   0.601 |   0.490 |   1.590 |     nan |       0.007 |       0.083 |  913.443 |  234.581
 Randomize |   64 |    247 |   0.680 |   0.466 |   1.645 |   0.427 |       0.000 |       0.000 |  883.972 |  215.072
 Randomize |   65 |    277 |   0.661 |   0.473 |   1.703 |     nan |       0.004 |       0.060 |  929.603 |  222.460
 Randomize |   66 |    261 |   0.575 |   0.494 |   1.624 |     nan |       0.004 |       0.062 |  924.291 |  231.702
 Randomize |   67 |    267 |   0.584 |   0.493 |   1.635 |   0.397 |       0.000 |       0.000 |  921.034 |  215.989
 Randomize |   68 |    308 |   0.620 |   0.485 |   1.644 |   0.366 |       0.000 |       0.000 |  951.942 |  212.845
 Randomize |   69 |    281 |   0.630 |   0.483 |   1.672 |   0.406 |       0.000 |       0.000 |  928.110 |  215.532
 Randomize |   70 |    277 |   0.614 |   0.487 |   1.682 |   0.405 |       0.000 |       0.000 |  906.018 |  230.028
 Randomize |   71 |    279 |   0.627 |   0.484 |   1.625 |     nan |       0.004 |       0.060 |  940.294 |  238.506
 Randomize |   72 |    303 |   0.594 |   0.491 |   1.627 |     nan |       0.003 |       0.057 |  927.439 |  198.995
 Randomize |   73 |    280 |   0.621 |   0.485 |   1.640 |     nan |       0.007 |       0.084 |  906.675 |  211.259
 Randomize |   74 |    273 |   0.612 |   0.487 |   1.646 |     nan |       0.007 |       0.085 |  898.839 |  216.000
 Randomize |   75 |    258 |   0.640 |   0.480 |   1.665 |   0.389 |       0.000 |       0.000 |  912.973 |  202.979
 Randomize |   76 |    291 |   0.694 |   0.461 |   1.655 |   0.400 |       0.000 |       0.000 |  909.148 |  208.321
 Randomize |   77 |    293 |   0.666 |   0.472 |   1.655 |   0.357 |       0.000 |       0.000 |  921.294 |  198.916
 Randomize |   78 |    291 |   0.639 |   0.480 |   1.640 |   0.366 |       0.000 |       0.000 |  916.735 |  200.138
 Randomize |   79 |    262 |   0.580 |   0.494 |   1.636 |   0.320 |       0.000 |       0.000 |  956.496 |  218.832
 Randomize |   80 |    287 |   0.617 |   0.486 |   1.623 |     nan |       0.003 |       0.059 |  909.164 |  206.702
 Randomize |   81 |    287 |   0.641 |   0.480 |   1.619 |   0.341 |       0.000 |       0.000 |  937.526 |  220.126
 Randomize |   82 |    289 |   0.595 |   0.491 |   1.604 |   0.350 |       0.000 |       0.000 |  929.457 |  200.922
 Randomize |   83 |    290 |   0.634 |   0.482 |   1.636 |   0.368 |       0.000 |       0.000 |  902.810 |  206.502
 Randomize |   84 |    290 |   0.610 |   0.488 |   1.678 |   0.365 |       0.000 |       0.000 |  883.814 |  194.948
 Randomize |   85 |    288 |   0.660 |   0.474 |   1.668 |     nan |       0.003 |       0.059 |  916.688 |  192.357
 Randomize |   86 |    266 |   0.602 |   0.490 |   1.621 |   0.338 |       0.000 |       0.000 |  921.805 |  201.610
 Randomize |   87 |    262 |   0.634 |   0.482 |   1.602 |   0.333 |       0.000 |       0.000 |  910.393 |  179.176
 Randomize |   88 |    310 |   0.584 |   0.493 |   1.593 |   0.328 |       0.000 |       0.000 |  934.881 |  189.436
 Randomize |   89 |    276 |   0.641 |   0.480 |   1.666 |   0.332 |       0.000 |       0.000 |  916.822 |  199.711
 Randomize |   90 |    283 |   0.650 |   0.477 |   1.648 |   0.347 |       0.000 |       0.000 |  898.346 |  199.837
 Randomize |   91 |    284 |   0.599 |   0.490 |   1.579 |   0.312 |       0.000 |       0.000 |  946.268 |  182.568
 Randomize |   92 |    271 |   0.579 |   0.494 |   1.623 |   0.338 |       0.000 |       0.000 |  923.498 |  188.880
 Randomize |   93 |    285 |   0.632 |   0.482 |   1.597 |   0.365 |       0.000 |       0.000 |  908.140 |  204.456
 Randomize |   94 |    257 |   0.599 |   0.490 |   1.657 |   0.340 |       0.000 |       0.000 |  924.222 |  194.587
 Randomize |   95 |    291 |   0.598 |   0.490 |   1.569 |   0.298 |       0.000 |       0.000 |  920.196 |  182.953
 Randomize |   96 |    271 |   0.664 |   0.472 |   1.611 |   0.339 |       0.000 |       0.000 |  915.749 |  190.571
 Randomize |   97 |    261 |   0.636 |   0.481 |   1.620 |   0.333 |       0.000 |       0.000 |  908.816 |  190.387
 Randomize |   98 |    312 |   0.593 |   0.491 |   1.617 |   0.315 |       0.000 |       0.000 |  935.442 |  190.426
 Randomize |   99 |    279 |   0.613 |   0.487 |   1.642 |   0.325 |       0.000 |       0.000 |  905.642 |  183.743
 Randomize |  100 |    282 |   0.617 |   0.486 |   1.615 |   0.308 |       0.000 |       0.000 |  899.053 |  202.760
 Randomize |  101 |    303 |   0.644 |   0.479 |   1.611 |   0.317 |       0.000 |       0.000 |  929.759 |  182.705
 Randomize |  102 |    291 |   0.649 |   0.477 |   1.608 |   0.283 |       0.000 |       0.000 |  903.763 |  184.275
 Randomize |  103 |    286 |   0.612 |   0.487 |   1.591 |   0.319 |       0.000 |       0.000 |  892.857 |  184.888
 Randomize |  104 |    283 |   0.640 |   0.480 |   1.640 |   0.306 |       0.000 |       0.000 |  896.201 |  172.675
 Randomize |  105 |    278 |   0.597 |   0.490 |   1.598 |   0.288 |       0.000 |       0.000 |  909.345 |  188.589
 Randomize |  106 |    273 |   0.612 |   0.487 |   1.669 |   0.308 |       0.000 |       0.000 |  905.385 |  173.524
 Randomize |  107 |    266 |   0.617 |   0.486 |   1.624 |   0.293 |       0.000 |       0.000 |  913.564 |  175.393
 Randomize |  108 |    302 |   0.616 |   0.486 |   1.625 |   0.301 |       0.000 |       0.000 |  919.189 |  183.191
 Randomize |  109 |    275 |   0.575 |   0.494 |   1.612 |   0.306 |       0.000 |       0.000 |  918.095 |  179.625
 Randomize |  110 |    296 |   0.605 |   0.489 |   1.662 |   0.301 |       0.000 |       0.000 |  901.047 |  180.555
 Randomize |  111 |    269 |   0.621 |   0.485 |   1.635 |   0.297 |       0.000 |       0.000 |  930.030 |  173.802
 Randomize |  112 |    284 |   0.648 |   0.478 |   1.638 |   0.299 |       0.000 |       0.000 |  923.518 |  175.625
 Randomize |  113 |    288 |   0.628 |   0.483 |   1.602 |   0.285 |       0.000 |       0.000 |  896.781 |  168.860
 Randomize |  114 |    279 |   0.642 |   0.480 |   1.603 |   0.280 |       0.000 |       0.000 |  892.964 |  160.940
 Randomize |  115 |    301 |   0.641 |   0.480 |   1.618 |   0.294 |       0.000 |       0.000 |  901.555 |  174.506
 Randomize |  116 |    291 |   0.591 |   0.492 |   1.604 |   0.298 |       0.000 |       0.000 |  914.918 |  166.872
 Randomize |  117 |    272 |   0.529 |   0.499 |   1.624 |   0.285 |       0.000 |       0.000 |  891.515 |  184.088
 Randomize |  118 |    301 |   0.608 |   0.488 |   1.626 |   0.270 |       0.000 |       0.000 |  927.169 |  178.861
 Randomize |  119 |    284 |   0.542 |   0.498 |   1.601 |   0.283 |       0.000 |       0.000 |  908.419 |  175.484
 Randomize |  120 |    267 |   0.569 |   0.495 |   1.586 |   0.287 |       0.000 |       0.000 |  908.813 |  169.200
 Randomize |  121 |    298 |   0.638 |   0.481 |   1.590 |   0.272 |       0.000 |       0.000 |  927.235 |  181.489
 Randomize |  122 |    282 |   0.663 |   0.473 |   1.642 |   0.290 |       0.000 |       0.000 |  937.262 |  178.703
 Randomize |  123 |    257 |   0.661 |   0.473 |   1.631 |   0.270 |       0.000 |       0.000 |  908.981 |  176.004
 Randomize |  124 |    294 |   0.619 |   0.486 |   1.643 |   0.304 |       0.000 |       0.000 |  906.527 |  161.280
 Randomize |  125 |    272 |   0.658 |   0.474 |   1.619 |   0.274 |       0.000 |       0.000 |  926.327 |  165.041
 Randomize |  126 |    284 |   0.655 |   0.475 |   1.612 |   0.268 |       0.000 |       0.000 |  902.299 |  167.144
 Randomize |  127 |    290 |   0.576 |   0.494 |   1.614 |   0.301 |       0.000 |       0.000 |  905.303 |  173.853
 Randomize |  128 |    282 |   0.617 |   0.486 |   1.621 |   0.283 |       0.000 |       0.000 |  916.060 |  173.717
 Randomize |  129 |    291 |   0.625 |   0.484 |   1.599 |   0.260 |       0.000 |       0.000 |  905.371 |  167.798
 Randomize |  130 |    266 |   0.669 |   0.471 |   1.597 |   0.276 |       0.000 |       0.000 |  889.026 |  168.700
 Randomize |  131 |    282 |   0.589 |   0.492 |   1.590 |   0.266 |       0.000 |       0.000 |  914.589 |  159.565
 Randomize |  132 |    272 |   0.566 |   0.496 |   1.628 |   0.281 |       0.000 |       0.000 |  914.871 |  172.795
 Randomize |  133 |    287 |   0.617 |   0.486 |   1.602 |   0.285 |       0.000 |       0.000 |  901.035 |  165.095
 Randomize |  134 |    327 |   0.612 |   0.487 |   1.613 |   0.264 |       0.000 |       0.000 |  897.505 |  161.523
 Randomize |  135 |    293 |   0.621 |   0.485 |   1.615 |   0.274 |       0.000 |       0.000 |  911.078 |  158.304
 Randomize |  136 |    303 |   0.627 |   0.484 |   1.582 |   0.271 |       0.000 |       0.000 |  908.201 |  162.477
 Randomize |  137 |    282 |   0.642 |   0.479 |   1.584 |   0.276 |       0.000 |       0.000 |  904.606 |  157.267
 Randomize |  138 |    299 |   0.642 |   0.479 |   1.566 |   0.284 |       0.000 |       0.000 |  917.472 |  165.243
 Randomize |  139 |    286 |   0.608 |   0.488 |   1.587 |   0.278 |       0.000 |       0.000 |  901.080 |  159.779
 Randomize |  140 |    285 |   0.582 |   0.493 |   1.571 |   0.277 |       0.000 |       0.000 |  899.351 |  155.794
 Randomize |  141 |    312 |   0.622 |   0.485 |   1.586 |   0.248 |       0.000 |       0.000 |  930.849 |  167.886
 Randomize |  142 |    273 |   0.571 |   0.495 |   1.576 |   0.257 |       0.000 |       0.000 |  897.912 |  159.676
 Randomize |  143 |    299 |   0.659 |   0.474 |   1.596 |   0.265 |       0.000 |       0.000 |  894.070 |  159.258
 Randomize |  144 |    306 |   0.608 |   0.488 |   1.587 |   0.259 |       0.000 |       0.000 |  892.003 |  151.765
 Randomize |  145 |    283 |   0.601 |   0.490 |   1.602 |   0.246 |       0.000 |       0.000 |  903.742 |  156.818
 Randomize |  146 |    283 |   0.580 |   0.494 |   1.584 |   0.260 |       0.000 |       0.000 |  893.689 |  158.285
 Randomize |  147 |    274 |   0.624 |   0.484 |   1.609 |   0.248 |       0.000 |       0.000 |  888.788 |  163.370
 Randomize |  148 |    294 |   0.609 |   0.488 |   1.619 |   0.269 |       0.000 |       0.000 |  911.214 |  149.043
 Randomize |  149 |    293 |   0.642 |   0.480 |   1.598 |   0.257 |       0.000 |       0.000 |  901.341 |  147.774
 Randomize |  150 |    263 |   0.601 |   0.490 |   1.593 |   0.251 |       0.000 |       0.000 |  902.529 |  158.586
 Randomize |  151 |    288 |   0.597 |   0.490 |   1.625 |   0.254 |       0.000 |       0.000 |  903.101 |  158.404
 Randomize |  152 |    280 |   0.618 |   0.486 |   1.586 |   0.245 |       0.000 |       0.000 |  903.546 |  155.338
 Randomize |  153 |    285 |   0.614 |   0.487 |   1.638 |   0.246 |       0.000 |       0.000 |  898.874 |  147.690
 Randomize |  154 |    277 |   0.556 |   0.497 |   1.593 |   0.250 |       0.000 |       0.000 |  913.394 |  144.904
 Randomize |  155 |    268 |   0.690 |   0.462 |   1.618 |   0.245 |       0.000 |       0.000 |  908.280 |  152.332
 Randomize |  156 |    293 |   0.618 |   0.486 |   1.578 |   0.249 |       0.000 |       0.000 |  902.683 |  158.499
 Randomize |  157 |    320 |   0.644 |   0.479 |   1.600 |   0.257 |       0.000 |       0.000 |  897.541 |  145.032
 Randomize |  158 |    307 |   0.606 |   0.489 |   1.602 |   0.247 |       0.000 |       0.000 |  904.215 |  157.075
 Randomize |  159 |    302 |   0.566 |   0.496 |   1.631 |   0.241 |       0.000 |       0.000 |  898.487 |  155.796
 Randomize |  160 |    294 |   0.633 |   0.482 |   1.588 |   0.259 |       0.000 |       0.000 |  908.857 |  146.306
 Randomize |  161 |    296 |   0.625 |   0.484 |   1.585 |   0.252 |       0.000 |       0.000 |  920.365 |  147.393
 Randomize |  162 |    328 |   0.643 |   0.479 |   1.595 |   0.247 |       0.000 |       0.000 |  908.332 |  147.303
 Randomize |  163 |    288 |   0.604 |   0.489 |   1.599 |   0.250 |       0.000 |       0.000 |  907.010 |  156.431
 Randomize |  164 |    278 |   0.629 |   0.483 |   1.600 |   0.264 |       0.000 |       0.000 |  903.047 |  144.900
 Randomize |  165 |    291 |   0.636 |   0.481 |   1.618 |   0.246 |       0.000 |       0.000 |  915.808 |  138.933
 Randomize |  166 |    280 |   0.636 |   0.481 |   1.602 |   0.244 |       0.000 |       0.000 |  894.511 |  142.705
 Randomize |  167 |    279 |   0.659 |   0.474 |   1.578 |   0.249 |       0.000 |       0.000 |  899.344 |  148.005
 Randomize |  168 |    292 |   0.627 |   0.484 |   1.561 |   0.232 |       0.000 |       0.000 |  904.274 |  151.503
 Randomize |  169 |    298 |   0.570 |   0.495 |   1.597 |   0.251 |       0.000 |       0.000 |  911.839 |  143.897
 Randomize |  170 |    306 |   0.647 |   0.478 |   1.603 |   0.254 |       0.000 |       0.000 |  903.477 |  148.034
 Randomize |  171 |    287 |   0.652 |   0.476 |   1.585 |   0.239 |       0.000 |       0.000 |  919.038 |  143.812
 Randomize |  172 |    298 |   0.648 |   0.478 |   1.594 |   0.244 |       0.000 |       0.000 |  893.406 |  153.660
 Randomize |  173 |    292 |   0.579 |   0.494 |   1.562 |   0.242 |       0.000 |       0.000 |  890.805 |  157.041
 Randomize |  174 |    320 |   0.637 |   0.481 |   1.593 |   0.237 |       0.000 |       0.000 |  889.806 |  149.874
 Randomize |  175 |    285 |   0.572 |   0.495 |   1.606 |   0.233 |       0.000 |       0.000 |  905.474 |  149.935
 Randomize |  176 |    295 |   0.644 |   0.479 |   1.605 |   0.239 |       0.000 |       0.000 |  901.356 |  146.511
 Randomize |  177 |    265 |   0.615 |   0.487 |   1.575 |   0.241 |       0.000 |       0.000 |  912.781 |  149.537
 Randomize |  178 |    281 |   0.623 |   0.485 |   1.594 |   0.226 |       0.000 |       0.000 |  902.751 |  153.073
 Randomize |  179 |    313 |   0.601 |   0.490 |   1.588 |   0.229 |       0.000 |       0.000 |  897.281 |  138.935
 Randomize |  180 |    273 |   0.608 |   0.488 |   1.596 |   0.243 |       0.000 |       0.000 |  892.978 |  157.443
 Randomize |  181 |    297 |   0.650 |   0.477 |   1.579 |   0.245 |       0.000 |       0.000 |  911.630 |  147.420
 Randomize |  182 |    293 |   0.608 |   0.488 |   1.610 |   0.249 |       0.000 |       0.000 |  899.481 |  145.376
 Randomize |  183 |    288 |   0.566 |   0.496 |   1.574 |   0.250 |       0.000 |       0.000 |  887.340 |  141.428
 Randomize |  184 |    285 |   0.660 |   0.474 |   1.580 |   0.237 |       0.000 |       0.000 |  884.393 |  154.394
 Randomize |  185 |    267 |   0.640 |   0.480 |   1.565 |   0.227 |       0.000 |       0.000 |  907.184 |  149.660
 Randomize |  186 |    308 |   0.597 |   0.490 |   1.590 |   0.234 |       0.000 |       0.000 |  894.299 |  136.536
 Randomize |  187 |    270 |   0.563 |   0.496 |   1.591 |   0.250 |       0.000 |       0.000 |  917.478 |  143.811
 Randomize |  188 |    296 |   0.568 |   0.495 |   1.586 |   0.216 |       0.000 |       0.000 |  900.084 |  145.200
 Randomize |  189 |    288 |   0.597 |   0.490 |   1.588 |   0.215 |       0.000 |       0.000 |  898.076 |  150.294
 Randomize |  190 |    299 |   0.602 |   0.489 |   1.590 |   0.232 |       0.000 |       0.000 |  884.445 |  152.366
 Randomize |  191 |    274 |   0.573 |   0.495 |   1.591 |   0.228 |       0.000 |       0.000 |  912.672 |  141.269
 Randomize |  192 |    289 |   0.623 |   0.485 |   1.586 |   0.241 |       0.000 |       0.000 |  894.817 |  131.434
 Randomize |  193 |    290 |   0.662 |   0.473 |   1.582 |   0.226 |       0.000 |       0.000 |  898.128 |  135.515
 Randomize |  194 |    282 |   0.645 |   0.478 |   1.607 |   0.228 |       0.000 |       0.000 |  895.947 |  144.284
 Randomize |  195 |    282 |   0.621 |   0.485 |   1.563 |   0.239 |       0.000 |       0.000 |  909.872 |  146.004
 Randomize |  196 |    301 |   0.581 |   0.493 |   1.602 |   0.222 |       0.000 |       0.000 |  890.120 |  143.141
 Randomize |  197 |    292 |   0.582 |   0.493 |   1.589 |   0.246 |       0.000 |       0.000 |  883.846 |  137.001
 Randomize |  198 |    280 |   0.579 |   0.494 |   1.555 |   0.227 |       0.000 |       0.000 |  902.929 |  141.240
 Randomize |  199 |    288 |   0.597 |   0.490 |   1.573 |   0.230 |       0.000 |       0.000 |  897.441 |  145.599
