Experiment Results - 20250729_233517
==================================================
n_online_list: [200]
n_runs: 1000
alpha: 0.4
M: 1000
==================================================

Per-t selection conditional statistics (mean/std across simulations):
    Method |    t |  Count | CovMean |  CovStd | LenMedian |  LenStd | InfFracMean |  InfFracStd |  CalMean |   CalStd
------------------------------------------------------------------------------------------------------
     Upper |    0 |    484 |   1.000 |   0.000 |     inf |     nan |       1.000 |       0.000 |    0.000 |    0.000
     Upper |    1 |    489 |   1.000 |   0.000 |     inf |     nan |       1.000 |       0.000 |    1.043 |    0.999
     Upper |    2 |    491 |   1.000 |   0.000 |     inf |     nan |       1.000 |       0.000 |    3.470 |    2.293
     Upper |    3 |    497 |   1.000 |   0.000 |     inf |     nan |       1.000 |       0.000 |   13.907 |    6.965
     Upper |    4 |    482 |   1.000 |   0.000 |     inf |     nan |       1.000 |       0.000 |   69.411 |   28.931
     Upper |    5 |    506 |   0.996 |   0.063 |     inf |     nan |       0.974 |       0.158 |  419.684 |  139.343
     Upper |    6 |    506 |   0.937 |   0.243 |     inf |     nan |       0.779 |       0.415 |  564.364 |  183.129
     Upper |    7 |    514 |   0.949 |   0.219 |     inf |     nan |       0.626 |       0.484 |  569.827 |  169.938
     Upper |    8 |    535 |   0.914 |   0.280 |   3.041 |     nan |       0.473 |       0.499 |  562.314 |  165.909
     Upper |    9 |    492 |   0.915 |   0.279 |   2.277 |     nan |       0.404 |       0.491 |  555.189 |  162.283
     Upper |   10 |    504 |   0.867 |   0.340 |   1.782 |     nan |       0.256 |       0.436 |  558.619 |  154.321
     Upper |   11 |    514 |   0.870 |   0.337 |   1.539 |     nan |       0.161 |       0.368 |  555.922 |  147.466
     Upper |   12 |    526 |   0.817 |   0.386 |   1.380 |     nan |       0.112 |       0.316 |  549.857 |  134.913
     Upper |   13 |    528 |   0.814 |   0.389 |   1.302 |     nan |       0.089 |       0.285 |  552.163 |  136.152
     Upper |   14 |    488 |   0.781 |   0.414 |   1.319 |     nan |       0.066 |       0.248 |  553.514 |  132.844
     Upper |   15 |    507 |   0.793 |   0.405 |   1.208 |     nan |       0.037 |       0.190 |  557.659 |  131.526
     Upper |   16 |    505 |   0.778 |   0.415 |   1.186 |     nan |       0.030 |       0.170 |  549.768 |  125.742
     Upper |   17 |    511 |   0.775 |   0.418 |   1.157 |     nan |       0.014 |       0.116 |  545.481 |  123.250
     Upper |   18 |    535 |   0.778 |   0.416 |   1.136 |     nan |       0.024 |       0.154 |  541.849 |  126.011
     Upper |   19 |    504 |   0.756 |   0.430 |   1.139 |     nan |       0.016 |       0.125 |  549.468 |  125.260
     Upper |   20 |    537 |   0.708 |   0.455 |   1.090 |     nan |       0.004 |       0.061 |  546.350 |  122.154
     Upper |   21 |    540 |   0.735 |   0.441 |   1.100 |     nan |       0.004 |       0.061 |  537.409 |  113.745
     Upper |   22 |    513 |   0.721 |   0.448 |   1.077 |   0.420 |       0.000 |       0.000 |  550.924 |  106.508
     Upper |   23 |    535 |   0.740 |   0.439 |   1.044 |   0.386 |       0.000 |       0.000 |  549.271 |  108.099
     Upper |   24 |    546 |   0.738 |   0.440 |   1.043 |   0.370 |       0.000 |       0.000 |  549.238 |  106.505
     Upper |   25 |    526 |   0.700 |   0.458 |   0.998 |   0.350 |       0.000 |       0.000 |  546.650 |  106.934
     Upper |   26 |    507 |   0.686 |   0.464 |   1.003 |   0.343 |       0.000 |       0.000 |  544.075 |   99.616
     Upper |   27 |    538 |   0.693 |   0.461 |   0.998 |   0.321 |       0.000 |       0.000 |  554.316 |  100.055
     Upper |   28 |    536 |   0.666 |   0.472 |   0.972 |   0.336 |       0.000 |       0.000 |  553.284 |  101.289
     Upper |   29 |    555 |   0.674 |   0.469 |   0.989 |   0.311 |       0.000 |       0.000 |  552.231 |   98.031
     Upper |   30 |    540 |   0.672 |   0.469 |   0.988 |   0.314 |       0.000 |       0.000 |  552.535 |   97.257
     Upper |   31 |    531 |   0.702 |   0.457 |   0.952 |   0.306 |       0.000 |       0.000 |  553.497 |   97.782
     Upper |   32 |    557 |   0.691 |   0.462 |   0.952 |   0.281 |       0.000 |       0.000 |  551.650 |   96.429
     Upper |   33 |    545 |   0.661 |   0.474 |   0.944 |   0.302 |       0.000 |       0.000 |  558.791 |   92.741
     Upper |   34 |    519 |   0.678 |   0.467 |   0.938 |   0.275 |       0.000 |       0.000 |  556.004 |   91.326
     Upper |   35 |    519 |   0.692 |   0.462 |   0.956 |   0.265 |       0.000 |       0.000 |  557.486 |   88.872
     Upper |   36 |    522 |   0.665 |   0.472 |   0.931 |   0.263 |       0.000 |       0.000 |  558.738 |   92.306
     Upper |   37 |    554 |   0.673 |   0.469 |   0.922 |   0.261 |       0.000 |       0.000 |  560.413 |   84.190
     Upper |   38 |    544 |   0.634 |   0.482 |   0.933 |   0.246 |       0.000 |       0.000 |  560.265 |   86.606
     Upper |   39 |    556 |   0.647 |   0.478 |   0.919 |   0.247 |       0.000 |       0.000 |  564.795 |   84.050
     Upper |   40 |    583 |   0.679 |   0.467 |   0.917 |   0.234 |       0.000 |       0.000 |  566.273 |   85.103
     Upper |   41 |    556 |   0.644 |   0.479 |   0.901 |   0.234 |       0.000 |       0.000 |  560.259 |   84.610
     Upper |   42 |    568 |   0.671 |   0.470 |   0.916 |   0.237 |       0.000 |       0.000 |  566.032 |   84.228
     Upper |   43 |    529 |   0.673 |   0.469 |   0.916 |   0.233 |       0.000 |       0.000 |  564.862 |   78.983
     Upper |   44 |    566 |   0.705 |   0.456 |   0.921 |   0.238 |       0.000 |       0.000 |  566.475 |   81.647
     Upper |   45 |    560 |   0.632 |   0.482 |   0.913 |   0.229 |       0.000 |       0.000 |  570.779 |   81.751
     Upper |   46 |    565 |   0.658 |   0.474 |   0.919 |   0.225 |       0.000 |       0.000 |  573.032 |   79.491
     Upper |   47 |    571 |   0.671 |   0.470 |   0.900 |   0.226 |       0.000 |       0.000 |  573.457 |   79.342
     Upper |   48 |    554 |   0.639 |   0.480 |   0.902 |   0.216 |       0.000 |       0.000 |  575.421 |   78.895
     Upper |   49 |    595 |   0.674 |   0.469 |   0.909 |   0.208 |       0.000 |       0.000 |  573.397 |   79.612
     Upper |   50 |    569 |   0.631 |   0.483 |   0.892 |   0.222 |       0.000 |       0.000 |  579.552 |   79.178
     Upper |   51 |    551 |   0.661 |   0.473 |   0.894 |   0.204 |       0.000 |       0.000 |  575.152 |   76.193
     Upper |   52 |    584 |   0.639 |   0.480 |   0.886 |   0.206 |       0.000 |       0.000 |  581.045 |   77.831
     Upper |   53 |    551 |   0.608 |   0.488 |   0.893 |   0.210 |       0.000 |       0.000 |  584.887 |   75.575
     Upper |   54 |    536 |   0.677 |   0.468 |   0.890 |   0.214 |       0.000 |       0.000 |  581.646 |   76.930
     Upper |   55 |    602 |   0.628 |   0.483 |   0.884 |   0.201 |       0.000 |       0.000 |  583.387 |   74.907
     Upper |   56 |    549 |   0.665 |   0.472 |   0.879 |   0.215 |       0.000 |       0.000 |  584.852 |   78.925
     Upper |   57 |    538 |   0.619 |   0.486 |   0.897 |   0.204 |       0.000 |       0.000 |  587.480 |   76.230
     Upper |   58 |    575 |   0.624 |   0.484 |   0.881 |   0.207 |       0.000 |       0.000 |  586.529 |   77.687
     Upper |   59 |    569 |   0.661 |   0.473 |   0.893 |   0.191 |       0.000 |       0.000 |  585.102 |   72.655
     Upper |   60 |    563 |   0.679 |   0.467 |   0.887 |   0.188 |       0.000 |       0.000 |  585.393 |   74.730
     Upper |   61 |    585 |   0.668 |   0.471 |   0.884 |   0.184 |       0.000 |       0.000 |  588.574 |   76.504
     Upper |   62 |    562 |   0.648 |   0.478 |   0.871 |   0.184 |       0.000 |       0.000 |  591.007 |   74.371
     Upper |   63 |    574 |   0.641 |   0.480 |   0.886 |   0.183 |       0.000 |       0.000 |  593.326 |   71.016
     Upper |   64 |    584 |   0.646 |   0.478 |   0.888 |   0.186 |       0.000 |       0.000 |  591.053 |   74.311
     Upper |   65 |    592 |   0.666 |   0.472 |   0.884 |   0.184 |       0.000 |       0.000 |  591.051 |   72.805
     Upper |   66 |    606 |   0.629 |   0.483 |   0.866 |   0.177 |       0.000 |       0.000 |  594.939 |   71.658
     Upper |   67 |    604 |   0.639 |   0.480 |   0.895 |   0.178 |       0.000 |       0.000 |  593.007 |   71.599
     Upper |   68 |    576 |   0.618 |   0.486 |   0.883 |   0.181 |       0.000 |       0.000 |  595.628 |   71.572
     Upper |   69 |    573 |   0.625 |   0.484 |   0.881 |   0.173 |       0.000 |       0.000 |  597.918 |   71.393
     Upper |   70 |    572 |   0.614 |   0.487 |   0.880 |   0.174 |       0.000 |       0.000 |  601.497 |   69.174
     Upper |   71 |    621 |   0.644 |   0.479 |   0.888 |   0.169 |       0.000 |       0.000 |  602.190 |   68.058
     Upper |   72 |    579 |   0.655 |   0.476 |   0.889 |   0.161 |       0.000 |       0.000 |  600.603 |   69.017
     Upper |   73 |    591 |   0.641 |   0.480 |   0.876 |   0.167 |       0.000 |       0.000 |  605.020 |   68.603
     Upper |   74 |    587 |   0.639 |   0.480 |   0.878 |   0.163 |       0.000 |       0.000 |  608.121 |   66.319
     Upper |   75 |    626 |   0.620 |   0.485 |   0.882 |   0.167 |       0.000 |       0.000 |  609.423 |   65.578
     Upper |   76 |    586 |   0.625 |   0.484 |   0.883 |   0.162 |       0.000 |       0.000 |  613.549 |   65.809
     Upper |   77 |    584 |   0.608 |   0.488 |   0.885 |   0.161 |       0.000 |       0.000 |  610.663 |   69.115
     Upper |   78 |    619 |   0.604 |   0.489 |   0.878 |   0.160 |       0.000 |       0.000 |  611.152 |   68.804
     Upper |   79 |    628 |   0.640 |   0.480 |   0.885 |   0.154 |       0.000 |       0.000 |  613.736 |   67.302
     Upper |   80 |    602 |   0.635 |   0.482 |   0.888 |   0.156 |       0.000 |       0.000 |  611.967 |   70.966
     Upper |   81 |    621 |   0.610 |   0.488 |   0.880 |   0.162 |       0.000 |       0.000 |  615.188 |   69.140
     Upper |   82 |    624 |   0.619 |   0.486 |   0.871 |   0.160 |       0.000 |       0.000 |  615.780 |   65.879
     Upper |   83 |    606 |   0.632 |   0.482 |   0.883 |   0.159 |       0.000 |       0.000 |  623.130 |   65.956
     Upper |   84 |    629 |   0.595 |   0.491 |   0.874 |   0.156 |       0.000 |       0.000 |  619.479 |   66.591
     Upper |   85 |    625 |   0.616 |   0.486 |   0.875 |   0.153 |       0.000 |       0.000 |  623.374 |   65.073
     Upper |   86 |    620 |   0.642 |   0.479 |   0.885 |   0.158 |       0.000 |       0.000 |  623.782 |   64.749
     Upper |   87 |    635 |   0.650 |   0.477 |   0.887 |   0.150 |       0.000 |       0.000 |  623.693 |   65.110
     Upper |   88 |    624 |   0.646 |   0.478 |   0.891 |   0.151 |       0.000 |       0.000 |  625.050 |   64.985
     Upper |   89 |    640 |   0.628 |   0.483 |   0.885 |   0.144 |       0.000 |       0.000 |  629.398 |   65.658
     Upper |   90 |    625 |   0.659 |   0.474 |   0.887 |   0.149 |       0.000 |       0.000 |  629.877 |   63.888
     Upper |   91 |    617 |   0.618 |   0.486 |   0.885 |   0.145 |       0.000 |       0.000 |  635.694 |   62.904
     Upper |   92 |    641 |   0.627 |   0.484 |   0.885 |   0.146 |       0.000 |       0.000 |  632.750 |   63.337
     Upper |   93 |    640 |   0.605 |   0.489 |   0.875 |   0.144 |       0.000 |       0.000 |  636.147 |   64.499
     Upper |   94 |    659 |   0.630 |   0.483 |   0.886 |   0.142 |       0.000 |       0.000 |  638.138 |   64.295
     Upper |   95 |    635 |   0.611 |   0.488 |   0.892 |   0.147 |       0.000 |       0.000 |  638.151 |   62.494
     Upper |   96 |    650 |   0.642 |   0.480 |   0.888 |   0.139 |       0.000 |       0.000 |  642.655 |   63.555
     Upper |   97 |    660 |   0.630 |   0.483 |   0.884 |   0.144 |       0.000 |       0.000 |  640.853 |   62.341
     Upper |   98 |    632 |   0.625 |   0.484 |   0.883 |   0.143 |       0.000 |       0.000 |  641.957 |   62.872
     Upper |   99 |    650 |   0.606 |   0.489 |   0.889 |   0.137 |       0.000 |       0.000 |  649.252 |   61.752
     Upper |  100 |    642 |   0.628 |   0.483 |   0.886 |   0.132 |       0.000 |       0.000 |  647.483 |   60.445
     Upper |  101 |    633 |   0.619 |   0.486 |   0.888 |   0.135 |       0.000 |       0.000 |  646.741 |   62.868
     Upper |  102 |    639 |   0.595 |   0.491 |   0.895 |   0.138 |       0.000 |       0.000 |  648.036 |   62.001
     Upper |  103 |    653 |   0.634 |   0.482 |   0.888 |   0.140 |       0.000 |       0.000 |  650.714 |   59.345
     Upper |  104 |    637 |   0.606 |   0.489 |   0.889 |   0.135 |       0.000 |       0.000 |  655.564 |   59.504
     Upper |  105 |    675 |   0.599 |   0.490 |   0.885 |   0.138 |       0.000 |       0.000 |  652.110 |   59.587
     Upper |  106 |    666 |   0.641 |   0.480 |   0.887 |   0.134 |       0.000 |       0.000 |  654.333 |   58.257
     Upper |  107 |    667 |   0.601 |   0.490 |   0.895 |   0.137 |       0.000 |       0.000 |  656.796 |   58.774
     Upper |  108 |    643 |   0.650 |   0.477 |   0.886 |   0.134 |       0.000 |       0.000 |  661.518 |   55.892
     Upper |  109 |    684 |   0.591 |   0.492 |   0.887 |   0.131 |       0.000 |       0.000 |  662.124 |   59.172
     Upper |  110 |    657 |   0.591 |   0.492 |   0.890 |   0.136 |       0.000 |       0.000 |  659.452 |   59.200
     Upper |  111 |    682 |   0.623 |   0.485 |   0.894 |   0.134 |       0.000 |       0.000 |  666.500 |   56.904
     Upper |  112 |    667 |   0.622 |   0.485 |   0.890 |   0.133 |       0.000 |       0.000 |  669.906 |   58.518
     Upper |  113 |    668 |   0.615 |   0.487 |   0.892 |   0.133 |       0.000 |       0.000 |  669.939 |   58.670
     Upper |  114 |    642 |   0.637 |   0.481 |   0.897 |   0.133 |       0.000 |       0.000 |  672.872 |   55.771
     Upper |  115 |    670 |   0.622 |   0.485 |   0.889 |   0.136 |       0.000 |       0.000 |  670.431 |   57.314
     Upper |  116 |    660 |   0.611 |   0.488 |   0.894 |   0.129 |       0.000 |       0.000 |  673.570 |   58.983
     Upper |  117 |    677 |   0.604 |   0.489 |   0.896 |   0.136 |       0.000 |       0.000 |  675.840 |   58.227
     Upper |  118 |    667 |   0.619 |   0.486 |   0.897 |   0.136 |       0.000 |       0.000 |  676.603 |   58.088
     Upper |  119 |    680 |   0.612 |   0.487 |   0.903 |   0.131 |       0.000 |       0.000 |  677.476 |   57.124
     Upper |  120 |    686 |   0.598 |   0.490 |   0.898 |   0.131 |       0.000 |       0.000 |  679.392 |   56.902
     Upper |  121 |    679 |   0.586 |   0.493 |   0.897 |   0.130 |       0.000 |       0.000 |  681.573 |   55.098
     Upper |  122 |    676 |   0.617 |   0.486 |   0.904 |   0.128 |       0.000 |       0.000 |  684.646 |   57.058
     Upper |  123 |    708 |   0.640 |   0.480 |   0.909 |   0.125 |       0.000 |       0.000 |  686.763 |   56.209
     Upper |  124 |    686 |   0.637 |   0.481 |   0.899 |   0.128 |       0.000 |       0.000 |  685.812 |   56.853
     Upper |  125 |    708 |   0.627 |   0.484 |   0.908 |   0.127 |       0.000 |       0.000 |  689.883 |   56.147
     Upper |  126 |    700 |   0.616 |   0.486 |   0.899 |   0.126 |       0.000 |       0.000 |  691.277 |   56.484
     Upper |  127 |    685 |   0.607 |   0.488 |   0.899 |   0.125 |       0.000 |       0.000 |  690.911 |   55.054
     Upper |  128 |    706 |   0.602 |   0.489 |   0.906 |   0.122 |       0.000 |       0.000 |  693.834 |   55.108
     Upper |  129 |    699 |   0.612 |   0.487 |   0.908 |   0.126 |       0.000 |       0.000 |  694.408 |   55.028
     Upper |  130 |    704 |   0.615 |   0.487 |   0.901 |   0.124 |       0.000 |       0.000 |  695.832 |   53.006
     Upper |  131 |    697 |   0.618 |   0.486 |   0.907 |   0.122 |       0.000 |       0.000 |  700.551 |   54.657
     Upper |  132 |    722 |   0.597 |   0.491 |   0.912 |   0.124 |       0.000 |       0.000 |  699.950 |   52.437
     Upper |  133 |    711 |   0.582 |   0.493 |   0.908 |   0.121 |       0.000 |       0.000 |  703.844 |   52.954
     Upper |  134 |    646 |   0.613 |   0.487 |   0.905 |   0.121 |       0.000 |       0.000 |  704.296 |   53.088
     Upper |  135 |    694 |   0.622 |   0.485 |   0.912 |   0.121 |       0.000 |       0.000 |  704.510 |   51.008
     Upper |  136 |    693 |   0.580 |   0.494 |   0.913 |   0.121 |       0.000 |       0.000 |  708.900 |   53.043
     Upper |  137 |    712 |   0.617 |   0.486 |   0.909 |   0.119 |       0.000 |       0.000 |  707.659 |   52.857
     Upper |  138 |    688 |   0.616 |   0.486 |   0.921 |   0.116 |       0.000 |       0.000 |  711.496 |   51.603
     Upper |  139 |    716 |   0.601 |   0.490 |   0.912 |   0.122 |       0.000 |       0.000 |  712.684 |   53.241
     Upper |  140 |    717 |   0.629 |   0.483 |   0.917 |   0.123 |       0.000 |       0.000 |  714.378 |   52.846
     Upper |  141 |    702 |   0.617 |   0.486 |   0.919 |   0.120 |       0.000 |       0.000 |  717.329 |   52.055
     Upper |  142 |    749 |   0.605 |   0.489 |   0.921 |   0.121 |       0.000 |       0.000 |  720.850 |   50.956
     Upper |  143 |    712 |   0.615 |   0.487 |   0.925 |   0.119 |       0.000 |       0.000 |  720.815 |   51.610
     Upper |  144 |    696 |   0.635 |   0.481 |   0.921 |   0.114 |       0.000 |       0.000 |  722.086 |   53.201
     Upper |  145 |    725 |   0.630 |   0.483 |   0.921 |   0.115 |       0.000 |       0.000 |  725.014 |   52.228
     Upper |  146 |    715 |   0.596 |   0.491 |   0.919 |   0.116 |       0.000 |       0.000 |  724.937 |   51.871
     Upper |  147 |    732 |   0.646 |   0.478 |   0.916 |   0.115 |       0.000 |       0.000 |  725.952 |   52.446
     Upper |  148 |    727 |   0.600 |   0.490 |   0.924 |   0.116 |       0.000 |       0.000 |  730.329 |   52.170
     Upper |  149 |    720 |   0.650 |   0.477 |   0.926 |   0.115 |       0.000 |       0.000 |  729.594 |   53.314
     Upper |  150 |    752 |   0.620 |   0.485 |   0.928 |   0.114 |       0.000 |       0.000 |  731.350 |   52.214
     Upper |  151 |    738 |   0.642 |   0.479 |   0.921 |   0.117 |       0.000 |       0.000 |  733.238 |   52.282
     Upper |  152 |    730 |   0.601 |   0.490 |   0.928 |   0.115 |       0.000 |       0.000 |  735.603 |   51.726
     Upper |  153 |    745 |   0.574 |   0.494 |   0.924 |   0.115 |       0.000 |       0.000 |  738.992 |   52.553
     Upper |  154 |    752 |   0.618 |   0.486 |   0.931 |   0.115 |       0.000 |       0.000 |  738.064 |   52.392
     Upper |  155 |    776 |   0.610 |   0.488 |   0.925 |   0.114 |       0.000 |       0.000 |  741.246 |   52.040
     Upper |  156 |    741 |   0.606 |   0.489 |   0.931 |   0.111 |       0.000 |       0.000 |  743.174 |   51.219
     Upper |  157 |    720 |   0.626 |   0.484 |   0.927 |   0.114 |       0.000 |       0.000 |  744.750 |   49.468
     Upper |  158 |    751 |   0.631 |   0.482 |   0.928 |   0.111 |       0.000 |       0.000 |  746.566 |   49.746
     Upper |  159 |    733 |   0.573 |   0.495 |   0.926 |   0.114 |       0.000 |       0.000 |  747.694 |   51.013
     Upper |  160 |    747 |   0.613 |   0.487 |   0.933 |   0.110 |       0.000 |       0.000 |  750.241 |   49.737
     Upper |  161 |    741 |   0.576 |   0.494 |   0.936 |   0.111 |       0.000 |       0.000 |  752.641 |   49.421
     Upper |  162 |    712 |   0.574 |   0.494 |   0.934 |   0.110 |       0.000 |       0.000 |  754.706 |   50.768
     Upper |  163 |    773 |   0.595 |   0.491 |   0.936 |   0.110 |       0.000 |       0.000 |  755.589 |   51.684
     Upper |  164 |    761 |   0.593 |   0.491 |   0.940 |   0.112 |       0.000 |       0.000 |  757.008 |   49.040
     Upper |  165 |    765 |   0.620 |   0.485 |   0.937 |   0.110 |       0.000 |       0.000 |  761.101 |   50.596
     Upper |  166 |    765 |   0.591 |   0.492 |   0.938 |   0.106 |       0.000 |       0.000 |  759.855 |   50.049
     Upper |  167 |    764 |   0.610 |   0.488 |   0.942 |   0.107 |       0.000 |       0.000 |  763.093 |   49.302
     Upper |  168 |    765 |   0.627 |   0.483 |   0.940 |   0.109 |       0.000 |       0.000 |  765.694 |   48.625
     Upper |  169 |    769 |   0.650 |   0.477 |   0.937 |   0.110 |       0.000 |       0.000 |  766.567 |   48.081
     Upper |  170 |    757 |   0.631 |   0.482 |   0.939 |   0.111 |       0.000 |       0.000 |  767.672 |   49.782
     Upper |  171 |    769 |   0.627 |   0.484 |   0.944 |   0.112 |       0.000 |       0.000 |  771.192 |   49.462
     Upper |  172 |    770 |   0.632 |   0.482 |   0.941 |   0.109 |       0.000 |       0.000 |  773.114 |   48.830
     Upper |  173 |    760 |   0.611 |   0.488 |   0.942 |   0.108 |       0.000 |       0.000 |  773.554 |   49.536
     Upper |  174 |    750 |   0.611 |   0.488 |   0.942 |   0.109 |       0.000 |       0.000 |  775.907 |   48.098
     Upper |  175 |    775 |   0.614 |   0.487 |   0.943 |   0.109 |       0.000 |       0.000 |  778.418 |   48.689
     Upper |  176 |    778 |   0.603 |   0.489 |   0.947 |   0.108 |       0.000 |       0.000 |  778.910 |   48.489
     Upper |  177 |    801 |   0.634 |   0.482 |   0.946 |   0.105 |       0.000 |       0.000 |  781.734 |   47.146
     Upper |  178 |    791 |   0.638 |   0.480 |   0.947 |   0.106 |       0.000 |       0.000 |  784.678 |   46.804
     Upper |  179 |    765 |   0.583 |   0.493 |   0.950 |   0.104 |       0.000 |       0.000 |  785.579 |   48.256
     Upper |  180 |    792 |   0.582 |   0.493 |   0.946 |   0.104 |       0.000 |       0.000 |  787.628 |   47.813
     Upper |  181 |    783 |   0.599 |   0.490 |   0.954 |   0.105 |       0.000 |       0.000 |  789.595 |   47.692
     Upper |  182 |    779 |   0.616 |   0.486 |   0.955 |   0.104 |       0.000 |       0.000 |  793.746 |   46.574
     Upper |  183 |    782 |   0.577 |   0.494 |   0.955 |   0.103 |       0.000 |       0.000 |  793.505 |   47.639
     Upper |  184 |    795 |   0.639 |   0.480 |   0.959 |   0.102 |       0.000 |       0.000 |  795.766 |   45.633
     Upper |  185 |    815 |   0.617 |   0.486 |   0.959 |   0.100 |       0.000 |       0.000 |  797.477 |   47.672
     Upper |  186 |    786 |   0.603 |   0.489 |   0.959 |   0.103 |       0.000 |       0.000 |  799.097 |   46.610
     Upper |  187 |    826 |   0.619 |   0.486 |   0.958 |   0.102 |       0.000 |       0.000 |  801.621 |   46.165
     Upper |  188 |    818 |   0.578 |   0.494 |   0.963 |   0.104 |       0.000 |       0.000 |  803.366 |   46.496
     Upper |  189 |    804 |   0.597 |   0.490 |   0.962 |   0.098 |       0.000 |       0.000 |  805.752 |   45.282
     Upper |  190 |    797 |   0.615 |   0.487 |   0.962 |   0.100 |       0.000 |       0.000 |  807.088 |   45.056
     Upper |  191 |    822 |   0.575 |   0.494 |   0.964 |   0.099 |       0.000 |       0.000 |  810.474 |   45.507
     Upper |  192 |    809 |   0.591 |   0.492 |   0.969 |   0.099 |       0.000 |       0.000 |  810.800 |   45.167
     Upper |  193 |    815 |   0.613 |   0.487 |   0.967 |   0.101 |       0.000 |       0.000 |  815.919 |   44.166
     Upper |  194 |    803 |   0.611 |   0.487 |   0.968 |   0.104 |       0.000 |       0.000 |  816.325 |   43.995
     Upper |  195 |    830 |   0.622 |   0.485 |   0.968 |   0.103 |       0.000 |       0.000 |  817.682 |   43.617
     Upper |  196 |    813 |   0.604 |   0.489 |   0.971 |   0.100 |       0.000 |       0.000 |  819.402 |   45.353
     Upper |  197 |    829 |   0.620 |   0.485 |   0.968 |   0.101 |       0.000 |       0.000 |  820.996 |   44.617
     Upper |  198 |    821 |   0.638 |   0.481 |   0.972 |   0.100 |       0.000 |       0.000 |  823.409 |   44.975
     Upper |  199 |    836 |   0.605 |   0.489 |   0.975 |   0.099 |       0.000 |       0.000 |  825.175 |   42.756
 Randomize |    0 |    484 |   1.000 |   0.000 |     inf |     nan |       1.000 |       0.000 |    0.000 |    0.000
 Randomize |    1 |    489 |   0.971 |   0.167 |     inf |     nan |       0.941 |       0.236 |    1.043 |    0.999
 Randomize |    2 |    491 |   0.904 |   0.294 |     inf |     nan |       0.764 |       0.425 |    3.470 |    2.293
 Randomize |    3 |    497 |   0.809 |   0.393 |     inf |     nan |       0.592 |       0.492 |   13.907 |    6.965
 Randomize |    4 |    482 |   0.776 |   0.417 |   1.795 |     nan |       0.419 |       0.493 |   69.411 |   28.931
 Randomize |    5 |    506 |   0.775 |   0.418 |   1.586 |     nan |       0.358 |       0.479 |  419.684 |  139.343
 Randomize |    6 |    506 |   0.717 |   0.450 |   1.269 |     nan |       0.245 |       0.430 |  564.328 |  183.152
 Randomize |    7 |    514 |   0.720 |   0.449 |   1.110 |     nan |       0.156 |       0.363 |  569.780 |  169.928
 Randomize |    8 |    535 |   0.712 |   0.453 |   1.061 |     nan |       0.118 |       0.322 |  562.260 |  165.944
 Randomize |    9 |    492 |   0.711 |   0.453 |   0.993 |     nan |       0.069 |       0.254 |  555.106 |  162.251
 Randomize |   10 |    504 |   0.681 |   0.466 |   0.917 |     nan |       0.058 |       0.233 |  558.573 |  154.202
 Randomize |   11 |    514 |   0.716 |   0.451 |   0.985 |     nan |       0.018 |       0.131 |  555.870 |  147.371
 Randomize |   12 |    526 |   0.639 |   0.480 |   0.864 |     nan |       0.021 |       0.143 |  549.827 |  134.865
 Randomize |   13 |    528 |   0.670 |   0.470 |   0.885 |     nan |       0.015 |       0.122 |  552.254 |  136.322
 Randomize |   14 |    488 |   0.682 |   0.466 |   0.909 |     nan |       0.010 |       0.101 |  553.426 |  132.745
 Randomize |   15 |    507 |   0.655 |   0.475 |   0.891 |     nan |       0.004 |       0.063 |  557.706 |  131.507
 Randomize |   16 |    505 |   0.616 |   0.486 |   0.861 |     nan |       0.004 |       0.063 |  549.881 |  125.705
 Randomize |   17 |    511 |   0.665 |   0.472 |   0.844 |   0.422 |       0.000 |       0.000 |  545.454 |  123.273
 Randomize |   18 |    535 |   0.665 |   0.472 |   0.894 |     nan |       0.002 |       0.043 |  541.882 |  126.023
 Randomize |   19 |    504 |   0.637 |   0.481 |   0.861 |     nan |       0.002 |       0.044 |  549.450 |  125.251
 Randomize |   20 |    537 |   0.600 |   0.490 |   0.847 |   0.372 |       0.000 |       0.000 |  546.417 |  122.174
 Randomize |   21 |    540 |   0.659 |   0.474 |   0.854 |   0.369 |       0.000 |       0.000 |  537.557 |  113.783
 Randomize |   22 |    513 |   0.659 |   0.474 |   0.855 |   0.350 |       0.000 |       0.000 |  550.912 |  106.422
 Randomize |   23 |    535 |   0.680 |   0.466 |   0.868 |   0.336 |       0.000 |       0.000 |  549.146 |  108.088
 Randomize |   24 |    546 |   0.670 |   0.470 |   0.846 |   0.334 |       0.000 |       0.000 |  549.238 |  106.582
 Randomize |   25 |    526 |   0.629 |   0.483 |   0.823 |   0.310 |       0.000 |       0.000 |  546.688 |  106.963
 Randomize |   26 |    507 |   0.625 |   0.484 |   0.842 |   0.307 |       0.000 |       0.000 |  543.939 |   99.540
 Randomize |   27 |    538 |   0.630 |   0.483 |   0.810 |   0.297 |       0.000 |       0.000 |  554.186 |  100.045
 Randomize |   28 |    536 |   0.586 |   0.493 |   0.826 |   0.303 |       0.000 |       0.000 |  553.271 |  101.140
 Randomize |   29 |    555 |   0.604 |   0.489 |   0.816 |   0.291 |       0.000 |       0.000 |  552.160 |   98.071
 Randomize |   30 |    540 |   0.611 |   0.487 |   0.827 |   0.276 |       0.000 |       0.000 |  552.483 |   97.205
 Randomize |   31 |    531 |   0.633 |   0.482 |   0.811 |   0.273 |       0.000 |       0.000 |  553.444 |   97.648
 Randomize |   32 |    557 |   0.628 |   0.483 |   0.833 |   0.259 |       0.000 |       0.000 |  551.689 |   96.439
 Randomize |   33 |    545 |   0.615 |   0.487 |   0.808 |   0.263 |       0.000 |       0.000 |  558.897 |   92.747
 Randomize |   34 |    519 |   0.634 |   0.482 |   0.815 |   0.251 |       0.000 |       0.000 |  556.019 |   91.333
 Randomize |   35 |    519 |   0.645 |   0.478 |   0.838 |   0.243 |       0.000 |       0.000 |  557.563 |   88.857
 Randomize |   36 |    522 |   0.623 |   0.485 |   0.827 |   0.248 |       0.000 |       0.000 |  558.741 |   92.227
 Randomize |   37 |    554 |   0.635 |   0.481 |   0.821 |   0.237 |       0.000 |       0.000 |  560.287 |   84.186
 Randomize |   38 |    544 |   0.596 |   0.491 |   0.816 |   0.234 |       0.000 |       0.000 |  560.233 |   86.653
 Randomize |   39 |    556 |   0.597 |   0.490 |   0.821 |   0.225 |       0.000 |       0.000 |  564.790 |   84.133
 Randomize |   40 |    583 |   0.640 |   0.480 |   0.810 |   0.220 |       0.000 |       0.000 |  566.269 |   85.207
 Randomize |   41 |    556 |   0.612 |   0.487 |   0.819 |   0.233 |       0.000 |       0.000 |  560.353 |   84.569
 Randomize |   42 |    568 |   0.634 |   0.482 |   0.825 |   0.221 |       0.000 |       0.000 |  566.033 |   84.297
 Randomize |   43 |    529 |   0.620 |   0.485 |   0.825 |   0.220 |       0.000 |       0.000 |  564.756 |   78.868
 Randomize |   44 |    566 |   0.673 |   0.469 |   0.833 |   0.231 |       0.000 |       0.000 |  566.489 |   81.662
 Randomize |   45 |    560 |   0.588 |   0.492 |   0.829 |   0.217 |       0.000 |       0.000 |  570.612 |   81.790
 Randomize |   46 |    565 |   0.621 |   0.485 |   0.824 |   0.205 |       0.000 |       0.000 |  573.129 |   79.507
 Randomize |   47 |    571 |   0.636 |   0.481 |   0.818 |   0.217 |       0.000 |       0.000 |  573.476 |   79.332
 Randomize |   48 |    554 |   0.614 |   0.487 |   0.810 |   0.204 |       0.000 |       0.000 |  575.495 |   78.828
 Randomize |   49 |    595 |   0.635 |   0.481 |   0.821 |   0.205 |       0.000 |       0.000 |  573.316 |   79.753
 Randomize |   50 |    569 |   0.596 |   0.491 |   0.814 |   0.218 |       0.000 |       0.000 |  579.627 |   79.215
 Randomize |   51 |    551 |   0.626 |   0.484 |   0.815 |   0.198 |       0.000 |       0.000 |  575.152 |   76.162
 Randomize |   52 |    584 |   0.604 |   0.489 |   0.812 |   0.203 |       0.000 |       0.000 |  580.926 |   77.922
 Randomize |   53 |    551 |   0.577 |   0.494 |   0.826 |   0.195 |       0.000 |       0.000 |  584.811 |   75.614
 Randomize |   54 |    536 |   0.649 |   0.477 |   0.817 |   0.206 |       0.000 |       0.000 |  581.651 |   76.966
 Randomize |   55 |    602 |   0.586 |   0.492 |   0.815 |   0.190 |       0.000 |       0.000 |  583.405 |   74.919
 Randomize |   56 |    549 |   0.621 |   0.485 |   0.817 |   0.206 |       0.000 |       0.000 |  584.823 |   78.776
 Randomize |   57 |    538 |   0.597 |   0.491 |   0.827 |   0.198 |       0.000 |       0.000 |  587.465 |   76.195
 Randomize |   58 |    575 |   0.597 |   0.491 |   0.827 |   0.196 |       0.000 |       0.000 |  586.410 |   77.669
 Randomize |   59 |    569 |   0.624 |   0.484 |   0.817 |   0.184 |       0.000 |       0.000 |  585.114 |   72.667
 Randomize |   60 |    563 |   0.647 |   0.478 |   0.820 |   0.176 |       0.000 |       0.000 |  585.469 |   74.730
 Randomize |   61 |    585 |   0.636 |   0.481 |   0.823 |   0.181 |       0.000 |       0.000 |  588.624 |   76.525
 Randomize |   62 |    562 |   0.623 |   0.485 |   0.810 |   0.176 |       0.000 |       0.000 |  591.084 |   74.405
 Randomize |   63 |    574 |   0.618 |   0.486 |   0.821 |   0.177 |       0.000 |       0.000 |  593.249 |   70.950
 Randomize |   64 |    584 |   0.606 |   0.489 |   0.820 |   0.181 |       0.000 |       0.000 |  591.026 |   74.162
 Randomize |   65 |    592 |   0.640 |   0.480 |   0.823 |   0.179 |       0.000 |       0.000 |  590.970 |   72.830
 Randomize |   66 |    606 |   0.596 |   0.491 |   0.812 |   0.172 |       0.000 |       0.000 |  594.988 |   71.646
 Randomize |   67 |    604 |   0.609 |   0.488 |   0.826 |   0.172 |       0.000 |       0.000 |  593.051 |   71.496
 Randomize |   68 |    576 |   0.589 |   0.492 |   0.821 |   0.175 |       0.000 |       0.000 |  595.576 |   71.481
 Randomize |   69 |    573 |   0.600 |   0.490 |   0.822 |   0.173 |       0.000 |       0.000 |  597.759 |   71.336
 Randomize |   70 |    572 |   0.596 |   0.491 |   0.834 |   0.168 |       0.000 |       0.000 |  601.631 |   69.260
 Randomize |   71 |    621 |   0.625 |   0.484 |   0.834 |   0.167 |       0.000 |       0.000 |  602.213 |   68.045
 Randomize |   72 |    579 |   0.644 |   0.479 |   0.835 |   0.159 |       0.000 |       0.000 |  600.649 |   69.022
 Randomize |   73 |    591 |   0.614 |   0.487 |   0.828 |   0.161 |       0.000 |       0.000 |  605.003 |   68.755
 Randomize |   74 |    587 |   0.617 |   0.486 |   0.828 |   0.160 |       0.000 |       0.000 |  608.164 |   66.384
 Randomize |   75 |    626 |   0.602 |   0.489 |   0.822 |   0.165 |       0.000 |       0.000 |  609.494 |   65.565
 Randomize |   76 |    586 |   0.599 |   0.490 |   0.839 |   0.158 |       0.000 |       0.000 |  613.532 |   65.869
 Randomize |   77 |    584 |   0.587 |   0.492 |   0.839 |   0.161 |       0.000 |       0.000 |  610.717 |   69.113
 Randomize |   78 |    619 |   0.586 |   0.492 |   0.834 |   0.156 |       0.000 |       0.000 |  611.060 |   68.869
 Randomize |   79 |    628 |   0.621 |   0.485 |   0.840 |   0.151 |       0.000 |       0.000 |  613.707 |   67.320
 Randomize |   80 |    602 |   0.615 |   0.487 |   0.840 |   0.155 |       0.000 |       0.000 |  611.963 |   71.016
 Randomize |   81 |    621 |   0.588 |   0.492 |   0.830 |   0.161 |       0.000 |       0.000 |  615.047 |   69.179
 Randomize |   82 |    624 |   0.604 |   0.489 |   0.829 |   0.157 |       0.000 |       0.000 |  615.821 |   65.831
 Randomize |   83 |    606 |   0.616 |   0.486 |   0.845 |   0.153 |       0.000 |       0.000 |  623.248 |   66.055
 Randomize |   84 |    629 |   0.577 |   0.494 |   0.827 |   0.152 |       0.000 |       0.000 |  619.445 |   66.643
 Randomize |   85 |    625 |   0.592 |   0.491 |   0.830 |   0.150 |       0.000 |       0.000 |  623.352 |   65.071
 Randomize |   86 |    620 |   0.626 |   0.484 |   0.843 |   0.158 |       0.000 |       0.000 |  623.706 |   64.779
 Randomize |   87 |    635 |   0.630 |   0.483 |   0.845 |   0.148 |       0.000 |       0.000 |  623.682 |   65.079
 Randomize |   88 |    624 |   0.625 |   0.484 |   0.844 |   0.151 |       0.000 |       0.000 |  625.181 |   64.951
 Randomize |   89 |    640 |   0.606 |   0.489 |   0.847 |   0.142 |       0.000 |       0.000 |  629.470 |   65.667
 Randomize |   90 |    625 |   0.642 |   0.480 |   0.852 |   0.148 |       0.000 |       0.000 |  629.870 |   63.886
 Randomize |   91 |    617 |   0.598 |   0.490 |   0.845 |   0.141 |       0.000 |       0.000 |  635.652 |   62.893
 Randomize |   92 |    641 |   0.613 |   0.487 |   0.842 |   0.145 |       0.000 |       0.000 |  632.749 |   63.364
 Randomize |   93 |    640 |   0.589 |   0.492 |   0.839 |   0.143 |       0.000 |       0.000 |  636.044 |   64.526
 Randomize |   94 |    659 |   0.615 |   0.487 |   0.848 |   0.141 |       0.000 |       0.000 |  638.056 |   64.316
 Randomize |   95 |    635 |   0.600 |   0.490 |   0.854 |   0.145 |       0.000 |       0.000 |  638.094 |   62.523
 Randomize |   96 |    650 |   0.626 |   0.484 |   0.849 |   0.137 |       0.000 |       0.000 |  642.668 |   63.563
 Randomize |   97 |    660 |   0.606 |   0.489 |   0.846 |   0.141 |       0.000 |       0.000 |  640.805 |   62.303
 Randomize |   98 |    632 |   0.600 |   0.490 |   0.846 |   0.142 |       0.000 |       0.000 |  641.992 |   62.940
 Randomize |   99 |    650 |   0.586 |   0.493 |   0.855 |   0.137 |       0.000 |       0.000 |  649.180 |   61.763
 Randomize |  100 |    642 |   0.604 |   0.489 |   0.849 |   0.129 |       0.000 |       0.000 |  647.430 |   60.468
 Randomize |  101 |    633 |   0.600 |   0.490 |   0.848 |   0.134 |       0.000 |       0.000 |  646.742 |   62.949
 Randomize |  102 |    639 |   0.582 |   0.493 |   0.859 |   0.134 |       0.000 |       0.000 |  647.995 |   61.932
 Randomize |  103 |    653 |   0.617 |   0.486 |   0.855 |   0.136 |       0.000 |       0.000 |  650.757 |   59.414
 Randomize |  104 |    637 |   0.581 |   0.493 |   0.858 |   0.131 |       0.000 |       0.000 |  655.493 |   59.399
 Randomize |  105 |    675 |   0.591 |   0.492 |   0.856 |   0.134 |       0.000 |       0.000 |  652.160 |   59.548
 Randomize |  106 |    666 |   0.626 |   0.484 |   0.856 |   0.134 |       0.000 |       0.000 |  654.366 |   58.323
 Randomize |  107 |    667 |   0.583 |   0.493 |   0.866 |   0.134 |       0.000 |       0.000 |  656.741 |   58.811
 Randomize |  108 |    643 |   0.638 |   0.481 |   0.859 |   0.134 |       0.000 |       0.000 |  661.509 |   56.000
 Randomize |  109 |    684 |   0.579 |   0.494 |   0.862 |   0.132 |       0.000 |       0.000 |  662.126 |   59.113
 Randomize |  110 |    657 |   0.586 |   0.493 |   0.862 |   0.133 |       0.000 |       0.000 |  659.431 |   59.242
 Randomize |  111 |    682 |   0.600 |   0.490 |   0.864 |   0.132 |       0.000 |       0.000 |  666.438 |   56.974
 Randomize |  112 |    667 |   0.600 |   0.490 |   0.854 |   0.130 |       0.000 |       0.000 |  669.910 |   58.579
 Randomize |  113 |    668 |   0.606 |   0.489 |   0.867 |   0.130 |       0.000 |       0.000 |  669.852 |   58.570
 Randomize |  114 |    642 |   0.631 |   0.483 |   0.870 |   0.131 |       0.000 |       0.000 |  672.855 |   55.854
 Randomize |  115 |    670 |   0.610 |   0.488 |   0.856 |   0.135 |       0.000 |       0.000 |  670.493 |   57.271
 Randomize |  116 |    660 |   0.597 |   0.491 |   0.864 |   0.128 |       0.000 |       0.000 |  673.502 |   59.098
 Randomize |  117 |    677 |   0.592 |   0.491 |   0.867 |   0.134 |       0.000 |       0.000 |  675.840 |   58.294
 Randomize |  118 |    667 |   0.603 |   0.489 |   0.863 |   0.134 |       0.000 |       0.000 |  676.559 |   58.061
 Randomize |  119 |    680 |   0.600 |   0.490 |   0.873 |   0.128 |       0.000 |       0.000 |  677.460 |   57.258
 Randomize |  120 |    686 |   0.593 |   0.491 |   0.869 |   0.129 |       0.000 |       0.000 |  679.308 |   56.927
 Randomize |  121 |    679 |   0.573 |   0.495 |   0.868 |   0.130 |       0.000 |       0.000 |  681.529 |   55.025
 Randomize |  122 |    676 |   0.607 |   0.489 |   0.876 |   0.127 |       0.000 |       0.000 |  684.706 |   57.042
 Randomize |  123 |    708 |   0.627 |   0.484 |   0.876 |   0.125 |       0.000 |       0.000 |  686.692 |   56.176
 Randomize |  124 |    686 |   0.625 |   0.484 |   0.873 |   0.126 |       0.000 |       0.000 |  685.780 |   56.937
 Randomize |  125 |    708 |   0.616 |   0.486 |   0.880 |   0.127 |       0.000 |       0.000 |  689.863 |   56.025
 Randomize |  126 |    700 |   0.593 |   0.491 |   0.871 |   0.124 |       0.000 |       0.000 |  691.251 |   56.483
 Randomize |  127 |    685 |   0.593 |   0.491 |   0.870 |   0.125 |       0.000 |       0.000 |  690.905 |   55.154
 Randomize |  128 |    706 |   0.588 |   0.492 |   0.881 |   0.122 |       0.000 |       0.000 |  693.755 |   55.075
 Randomize |  129 |    699 |   0.604 |   0.489 |   0.880 |   0.123 |       0.000 |       0.000 |  694.392 |   54.999
 Randomize |  130 |    704 |   0.602 |   0.489 |   0.874 |   0.122 |       0.000 |       0.000 |  695.820 |   53.105
 Randomize |  131 |    697 |   0.595 |   0.491 |   0.883 |   0.120 |       0.000 |       0.000 |  700.615 |   54.641
 Randomize |  132 |    722 |   0.589 |   0.492 |   0.881 |   0.120 |       0.000 |       0.000 |  699.999 |   52.487
 Randomize |  133 |    711 |   0.574 |   0.495 |   0.889 |   0.121 |       0.000 |       0.000 |  703.869 |   52.882
 Randomize |  134 |    646 |   0.591 |   0.492 |   0.887 |   0.121 |       0.000 |       0.000 |  704.297 |   53.060
 Randomize |  135 |    694 |   0.607 |   0.488 |   0.887 |   0.120 |       0.000 |       0.000 |  704.366 |   51.049
 Randomize |  136 |    693 |   0.571 |   0.495 |   0.884 |   0.119 |       0.000 |       0.000 |  708.934 |   53.023
 Randomize |  137 |    712 |   0.610 |   0.488 |   0.892 |   0.118 |       0.000 |       0.000 |  707.656 |   52.773
 Randomize |  138 |    688 |   0.613 |   0.487 |   0.899 |   0.116 |       0.000 |       0.000 |  711.507 |   51.632
 Randomize |  139 |    716 |   0.589 |   0.492 |   0.888 |   0.120 |       0.000 |       0.000 |  712.733 |   53.204
 Randomize |  140 |    717 |   0.622 |   0.485 |   0.889 |   0.121 |       0.000 |       0.000 |  714.322 |   52.747
 Randomize |  141 |    702 |   0.607 |   0.488 |   0.897 |   0.118 |       0.000 |       0.000 |  717.372 |   52.060
 Randomize |  142 |    749 |   0.599 |   0.490 |   0.902 |   0.120 |       0.000 |       0.000 |  720.840 |   50.899
 Randomize |  143 |    712 |   0.605 |   0.489 |   0.900 |   0.116 |       0.000 |       0.000 |  720.796 |   51.539
 Randomize |  144 |    696 |   0.625 |   0.484 |   0.897 |   0.115 |       0.000 |       0.000 |  722.132 |   53.169
 Randomize |  145 |    725 |   0.622 |   0.485 |   0.901 |   0.115 |       0.000 |       0.000 |  725.006 |   52.141
 Randomize |  146 |    715 |   0.580 |   0.493 |   0.897 |   0.114 |       0.000 |       0.000 |  724.958 |   51.948
 Randomize |  147 |    732 |   0.637 |   0.481 |   0.895 |   0.113 |       0.000 |       0.000 |  725.975 |   52.316
 Randomize |  148 |    727 |   0.590 |   0.492 |   0.903 |   0.116 |       0.000 |       0.000 |  730.358 |   52.145
 Randomize |  149 |    720 |   0.642 |   0.480 |   0.905 |   0.113 |       0.000 |       0.000 |  729.600 |   53.306
 Randomize |  150 |    752 |   0.606 |   0.489 |   0.906 |   0.114 |       0.000 |       0.000 |  731.332 |   52.235
 Randomize |  151 |    738 |   0.631 |   0.482 |   0.899 |   0.117 |       0.000 |       0.000 |  733.202 |   52.290
 Randomize |  152 |    730 |   0.589 |   0.492 |   0.908 |   0.114 |       0.000 |       0.000 |  735.730 |   51.538
 Randomize |  153 |    745 |   0.572 |   0.495 |   0.903 |   0.114 |       0.000 |       0.000 |  738.961 |   52.523
 Randomize |  154 |    752 |   0.613 |   0.487 |   0.913 |   0.114 |       0.000 |       0.000 |  738.089 |   52.400
 Randomize |  155 |    776 |   0.602 |   0.490 |   0.903 |   0.114 |       0.000 |       0.000 |  741.419 |   52.027
 Randomize |  156 |    741 |   0.588 |   0.492 |   0.914 |   0.110 |       0.000 |       0.000 |  743.157 |   51.227
 Randomize |  157 |    720 |   0.625 |   0.484 |   0.913 |   0.113 |       0.000 |       0.000 |  744.883 |   49.494
 Randomize |  158 |    751 |   0.618 |   0.486 |   0.903 |   0.111 |       0.000 |       0.000 |  746.575 |   49.642
 Randomize |  159 |    733 |   0.570 |   0.495 |   0.907 |   0.113 |       0.000 |       0.000 |  747.861 |   50.870
 Randomize |  160 |    747 |   0.608 |   0.488 |   0.913 |   0.109 |       0.000 |       0.000 |  750.292 |   49.595
 Randomize |  161 |    741 |   0.570 |   0.495 |   0.919 |   0.110 |       0.000 |       0.000 |  752.780 |   49.465
 Randomize |  162 |    712 |   0.562 |   0.496 |   0.918 |   0.109 |       0.000 |       0.000 |  754.735 |   50.782
 Randomize |  163 |    773 |   0.586 |   0.493 |   0.917 |   0.109 |       0.000 |       0.000 |  755.524 |   51.749
 Randomize |  164 |    761 |   0.587 |   0.492 |   0.923 |   0.111 |       0.000 |       0.000 |  756.883 |   49.035
 Randomize |  165 |    765 |   0.607 |   0.489 |   0.921 |   0.109 |       0.000 |       0.000 |  761.102 |   50.551
 Randomize |  166 |    765 |   0.586 |   0.493 |   0.919 |   0.104 |       0.000 |       0.000 |  759.851 |   50.107
 Randomize |  167 |    764 |   0.597 |   0.491 |   0.923 |   0.106 |       0.000 |       0.000 |  763.086 |   49.201
 Randomize |  168 |    765 |   0.617 |   0.486 |   0.921 |   0.108 |       0.000 |       0.000 |  765.710 |   48.622
 Randomize |  169 |    769 |   0.648 |   0.478 |   0.919 |   0.111 |       0.000 |       0.000 |  766.495 |   48.122
 Randomize |  170 |    757 |   0.622 |   0.485 |   0.924 |   0.109 |       0.000 |       0.000 |  767.667 |   49.888
 Randomize |  171 |    769 |   0.623 |   0.485 |   0.925 |   0.112 |       0.000 |       0.000 |  771.144 |   49.454
 Randomize |  172 |    770 |   0.625 |   0.484 |   0.922 |   0.107 |       0.000 |       0.000 |  773.225 |   48.814
 Randomize |  173 |    760 |   0.603 |   0.489 |   0.925 |   0.107 |       0.000 |       0.000 |  773.639 |   49.606
 Randomize |  174 |    750 |   0.603 |   0.489 |   0.926 |   0.108 |       0.000 |       0.000 |  775.875 |   48.063
 Randomize |  175 |    775 |   0.612 |   0.487 |   0.927 |   0.108 |       0.000 |       0.000 |  778.452 |   48.758
 Randomize |  176 |    778 |   0.594 |   0.491 |   0.931 |   0.107 |       0.000 |       0.000 |  778.886 |   48.494
 Randomize |  177 |    801 |   0.628 |   0.483 |   0.929 |   0.103 |       0.000 |       0.000 |  781.749 |   47.211
 Randomize |  178 |    791 |   0.627 |   0.484 |   0.927 |   0.104 |       0.000 |       0.000 |  784.707 |   46.901
 Randomize |  179 |    765 |   0.574 |   0.495 |   0.932 |   0.105 |       0.000 |       0.000 |  785.634 |   48.258
 Randomize |  180 |    792 |   0.574 |   0.494 |   0.933 |   0.104 |       0.000 |       0.000 |  787.641 |   47.711
 Randomize |  181 |    783 |   0.594 |   0.491 |   0.935 |   0.104 |       0.000 |       0.000 |  789.600 |   47.761
 Randomize |  182 |    779 |   0.612 |   0.487 |   0.937 |   0.105 |       0.000 |       0.000 |  793.711 |   46.638
 Randomize |  183 |    782 |   0.574 |   0.494 |   0.940 |   0.102 |       0.000 |       0.000 |  793.418 |   47.690
 Randomize |  184 |    795 |   0.630 |   0.483 |   0.940 |   0.100 |       0.000 |       0.000 |  795.791 |   45.648
 Randomize |  185 |    815 |   0.610 |   0.488 |   0.941 |   0.099 |       0.000 |       0.000 |  797.517 |   47.639
 Randomize |  186 |    786 |   0.599 |   0.490 |   0.942 |   0.103 |       0.000 |       0.000 |  799.106 |   46.559
 Randomize |  187 |    826 |   0.609 |   0.488 |   0.943 |   0.101 |       0.000 |       0.000 |  801.585 |   46.131
 Randomize |  188 |    818 |   0.571 |   0.495 |   0.950 |   0.103 |       0.000 |       0.000 |  803.422 |   46.437
 Randomize |  189 |    804 |   0.588 |   0.492 |   0.948 |   0.097 |       0.000 |       0.000 |  805.743 |   45.204
 Randomize |  190 |    797 |   0.607 |   0.488 |   0.949 |   0.099 |       0.000 |       0.000 |  807.015 |   45.199
 Randomize |  191 |    822 |   0.568 |   0.495 |   0.947 |   0.098 |       0.000 |       0.000 |  810.443 |   45.539
 Randomize |  192 |    809 |   0.580 |   0.494 |   0.953 |   0.098 |       0.000 |       0.000 |  810.797 |   45.101
 Randomize |  193 |    815 |   0.611 |   0.488 |   0.952 |   0.100 |       0.000 |       0.000 |  815.907 |   44.046
 Randomize |  194 |    803 |   0.603 |   0.489 |   0.952 |   0.102 |       0.000 |       0.000 |  816.361 |   44.021
 Randomize |  195 |    830 |   0.611 |   0.488 |   0.956 |   0.103 |       0.000 |       0.000 |  817.666 |   43.652
 Randomize |  196 |    813 |   0.598 |   0.490 |   0.956 |   0.100 |       0.000 |       0.000 |  819.438 |   45.379
 Randomize |  197 |    829 |   0.616 |   0.486 |   0.955 |   0.098 |       0.000 |       0.000 |  820.947 |   44.634
 Randomize |  198 |    821 |   0.633 |   0.482 |   0.959 |   0.098 |       0.000 |       0.000 |  823.387 |   44.960
 Randomize |  199 |    836 |   0.599 |   0.490 |   0.957 |   0.100 |       0.000 |       0.000 |  825.059 |   42.780
