Experiment Results - 20250802_012927
==================================================
n_online_list: [200]
n_runs: 1000
alpha: 0.4
M: 1000
==================================================

Per-t selection conditional statistics (mean/std across simulations):
    Method |    t |  Count | CovMean |  CovStd | LenMedian |  LenStd | InfFracMean |  InfFracStd |  CalMean |   CalStd
------------------------------------------------------------------------------------------------------
     Upper |    0 |   1000 |   1.000 |   0.000 |     inf |     nan |       1.000 |       0.000 |    0.000 |    0.000
     Upper |    1 |    539 |   1.000 |   0.000 |     inf |     nan |       1.000 |       0.000 |    0.000 |    0.000
     Upper |    2 |    784 |   1.000 |   0.000 |     inf |     nan |       1.000 |       0.000 |    5.403 |    0.491
     Upper |    3 |    550 |   1.000 |   0.000 |     inf |     nan |       1.000 |       0.000 |   19.975 |    2.819
     Upper |    4 |    394 |   1.000 |   0.000 |     inf |     nan |       1.000 |       0.000 |   92.772 |   15.454
     Upper |    5 |    581 |   1.000 |   0.000 |     inf |     nan |       1.000 |       0.000 |  615.594 |   88.840
     Upper |    6 |    437 |   0.908 |   0.288 |     inf |     nan |       0.661 |       0.473 |  818.362 |  137.556
     Upper |    7 |    613 |   0.907 |   0.290 |     inf |     nan |       0.511 |       0.500 |  873.471 |  124.972
     Upper |    8 |    488 |   0.904 |   0.295 |     inf |     nan |       0.555 |       0.497 |  847.038 |  137.904
     Upper |    9 |    375 |   0.856 |   0.351 |     inf |     nan |       0.600 |       0.490 |  820.572 |  147.453
     Upper |   10 |    512 |   0.846 |   0.361 |   4.032 |     nan |       0.494 |       0.500 |  866.470 |  136.230
     Upper |   11 |    406 |   0.835 |   0.371 |     inf |     nan |       0.544 |       0.498 |  842.381 |  145.243
     Upper |   12 |    549 |   0.794 |   0.404 |   2.236 |     nan |       0.399 |       0.490 |  882.926 |  134.075
     Upper |   13 |    449 |   0.835 |   0.371 |   2.231 |     nan |       0.425 |       0.494 |  859.482 |  142.564
     Upper |   14 |    361 |   0.798 |   0.402 |     inf |     nan |       0.501 |       0.500 |  837.062 |  149.676
     Upper |   15 |    473 |   0.761 |   0.426 |   1.747 |     nan |       0.095 |       0.293 |  871.938 |  140.288
     Upper |   16 |    374 |   0.791 |   0.406 |   1.684 |     nan |       0.091 |       0.287 |  859.398 |  147.103
     Upper |   17 |    502 |   0.765 |   0.424 |   1.624 |     nan |       0.004 |       0.063 |  883.133 |  137.398
     Upper |   18 |    410 |   0.729 |   0.444 |   1.618 |   0.604 |       0.000 |       0.000 |  867.528 |  144.430
     Upper |   19 |    328 |   0.753 |   0.431 |   1.605 |     nan |       0.006 |       0.078 |  849.226 |  150.043
     Upper |   20 |    440 |   0.707 |   0.455 |   1.513 |   0.523 |       0.000 |       0.000 |  883.139 |  140.427
     Upper |   21 |    367 |   0.736 |   0.441 |   1.521 |   0.571 |       0.000 |       0.000 |  862.234 |  147.033
     Upper |   22 |    447 |   0.698 |   0.459 |   1.433 |   0.459 |       0.000 |       0.000 |  896.666 |  136.470
     Upper |   23 |    369 |   0.762 |   0.426 |   1.439 |   0.471 |       0.000 |       0.000 |  887.549 |  141.893
     Upper |   24 |    309 |   0.731 |   0.443 |   1.410 |   0.444 |       0.000 |       0.000 |  869.392 |  148.505
     Upper |   25 |    407 |   0.705 |   0.456 |   1.386 |   0.407 |       0.000 |       0.000 |  879.640 |  141.956
     Upper |   26 |    335 |   0.693 |   0.461 |   1.386 |   0.410 |       0.000 |       0.000 |  872.628 |  146.136
     Upper |   27 |    426 |   0.702 |   0.457 |   1.345 |   0.383 |       0.000 |       0.000 |  897.792 |  137.253
     Upper |   28 |    357 |   0.686 |   0.464 |   1.318 |   0.379 |       0.000 |       0.000 |  889.908 |  142.549
     Upper |   29 |    300 |   0.710 |   0.454 |   1.340 |   0.363 |       0.000 |       0.000 |  876.338 |  147.606
     Upper |   30 |    377 |   0.692 |   0.462 |   1.303 |   0.356 |       0.000 |       0.000 |  900.580 |  138.500
     Upper |   31 |    315 |   0.679 |   0.467 |   1.309 |   0.320 |       0.000 |       0.000 |  890.168 |  143.289
     Upper |   32 |    387 |   0.687 |   0.464 |   1.294 |   0.321 |       0.000 |       0.000 |  904.061 |  136.370
     Upper |   33 |    335 |   0.645 |   0.479 |   1.308 |   0.345 |       0.000 |       0.000 |  890.445 |  142.471
     Upper |   34 |    273 |   0.718 |   0.450 |   1.319 |   0.313 |       0.000 |       0.000 |  884.482 |  146.344
     Upper |   35 |    333 |   0.667 |   0.471 |   1.283 |   0.307 |       0.000 |       0.000 |  904.919 |  136.878
     Upper |   36 |    281 |   0.687 |   0.464 |   1.304 |   0.296 |       0.000 |       0.000 |  899.861 |  140.475
     Upper |   37 |    361 |   0.717 |   0.450 |   1.258 |   0.300 |       0.000 |       0.000 |  912.871 |  133.191
     Upper |   38 |    309 |   0.660 |   0.474 |   1.292 |   0.312 |       0.000 |       0.000 |  890.408 |  142.715
     Upper |   39 |    252 |   0.659 |   0.474 |   1.272 |   0.308 |       0.000 |       0.000 |  887.984 |  145.355
     Upper |   40 |    319 |   0.668 |   0.471 |   1.247 |   0.275 |       0.000 |       0.000 |  895.578 |  140.467
     Upper |   41 |    269 |   0.688 |   0.463 |   1.261 |   0.277 |       0.000 |       0.000 |  885.903 |  145.043
     Upper |   42 |    343 |   0.676 |   0.468 |   1.243 |   0.270 |       0.000 |       0.000 |  892.697 |  140.444
     Upper |   43 |    292 |   0.688 |   0.463 |   1.233 |   0.277 |       0.000 |       0.000 |  884.454 |  144.659
     Upper |   44 |    241 |   0.734 |   0.442 |   1.240 |   0.274 |       0.000 |       0.000 |  876.361 |  148.072
     Upper |   45 |    303 |   0.667 |   0.471 |   1.199 |   0.264 |       0.000 |       0.000 |  901.995 |  139.049
     Upper |   46 |    261 |   0.697 |   0.459 |   1.210 |   0.264 |       0.000 |       0.000 |  896.077 |  142.269
     Upper |   47 |    314 |   0.669 |   0.471 |   1.185 |   0.249 |       0.000 |       0.000 |  914.075 |  133.043
     Upper |   48 |    274 |   0.617 |   0.486 |   1.189 |   0.233 |       0.000 |       0.000 |  900.217 |  140.663
     Upper |   49 |    230 |   0.609 |   0.488 |   1.186 |   0.246 |       0.000 |       0.000 |  885.854 |  146.360
     Upper |   50 |    291 |   0.670 |   0.470 |   1.204 |   0.237 |       0.000 |       0.000 |  904.038 |  138.242
     Upper |   51 |    236 |   0.589 |   0.492 |   1.185 |   0.220 |       0.000 |       0.000 |  910.040 |  137.337
     Upper |   52 |    300 |   0.687 |   0.464 |   1.193 |   0.242 |       0.000 |       0.000 |  906.127 |  136.270
     Upper |   53 |    256 |   0.668 |   0.471 |   1.186 |   0.225 |       0.000 |       0.000 |  915.051 |  134.853
     Upper |   54 |    223 |   0.637 |   0.481 |   1.187 |   0.238 |       0.000 |       0.000 |  902.522 |  141.250
     Upper |   55 |    279 |   0.642 |   0.480 |   1.171 |   0.221 |       0.000 |       0.000 |  908.846 |  136.977
     Upper |   56 |    236 |   0.623 |   0.485 |   1.170 |   0.224 |       0.000 |       0.000 |  907.977 |  137.693
     Upper |   57 |    296 |   0.615 |   0.487 |   1.179 |   0.219 |       0.000 |       0.000 |  908.726 |  136.399
     Upper |   58 |    262 |   0.592 |   0.492 |   1.178 |   0.228 |       0.000 |       0.000 |  899.674 |  140.149
     Upper |   59 |    213 |   0.638 |   0.480 |   1.175 |   0.214 |       0.000 |       0.000 |  905.634 |  139.319
     Upper |   60 |    262 |   0.637 |   0.481 |   1.148 |   0.205 |       0.000 |       0.000 |  914.073 |  134.819
     Upper |   61 |    221 |   0.629 |   0.483 |   1.154 |   0.213 |       0.000 |       0.000 |  921.054 |  132.526
     Upper |   62 |    269 |   0.613 |   0.487 |   1.163 |   0.207 |       0.000 |       0.000 |  921.398 |  130.510
     Upper |   63 |    239 |   0.632 |   0.482 |   1.175 |   0.213 |       0.000 |       0.000 |  911.391 |  136.521
     Upper |   64 |    204 |   0.676 |   0.468 |   1.174 |   0.198 |       0.000 |       0.000 |  908.865 |  137.895
     Upper |   65 |    244 |   0.672 |   0.469 |   1.144 |   0.200 |       0.000 |       0.000 |  910.459 |  135.998
     Upper |   66 |    220 |   0.582 |   0.493 |   1.147 |   0.193 |       0.000 |       0.000 |  894.743 |  143.464
     Upper |   67 |    260 |   0.623 |   0.485 |   1.150 |   0.183 |       0.000 |       0.000 |  912.646 |  135.034
     Upper |   68 |    224 |   0.634 |   0.482 |   1.150 |   0.214 |       0.000 |       0.000 |  914.792 |  134.905
     Upper |   69 |    190 |   0.647 |   0.478 |   1.156 |   0.184 |       0.000 |       0.000 |  918.655 |  134.206
     Upper |   70 |    227 |   0.621 |   0.485 |   1.146 |   0.191 |       0.000 |       0.000 |  918.009 |  132.521
     Upper |   71 |    199 |   0.653 |   0.476 |   1.168 |   0.204 |       0.000 |       0.000 |  919.626 |  133.393
     Upper |   72 |    240 |   0.658 |   0.474 |   1.153 |   0.186 |       0.000 |       0.000 |  914.796 |  134.391
     Upper |   73 |    213 |   0.620 |   0.485 |   1.148 |   0.177 |       0.000 |       0.000 |  908.906 |  137.521
     Upper |   74 |    184 |   0.620 |   0.485 |   1.154 |   0.185 |       0.000 |       0.000 |  908.291 |  138.454
     Upper |   75 |    221 |   0.683 |   0.465 |   1.144 |   0.184 |       0.000 |       0.000 |  916.493 |  133.905
     Upper |   76 |    195 |   0.677 |   0.468 |   1.124 |   0.183 |       0.000 |       0.000 |  919.536 |  133.405
     Upper |   77 |    233 |   0.601 |   0.490 |   1.131 |   0.184 |       0.000 |       0.000 |  917.479 |  132.925
     Upper |   78 |    199 |   0.628 |   0.483 |   1.144 |   0.184 |       0.000 |       0.000 |  914.631 |  134.730
     Upper |   79 |    177 |   0.605 |   0.489 |   1.143 |   0.186 |       0.000 |       0.000 |  917.712 |  134.655
     Upper |   80 |    207 |   0.662 |   0.473 |   1.130 |   0.171 |       0.000 |       0.000 |  933.382 |  124.794
     Upper |   81 |    182 |   0.626 |   0.484 |   1.125 |   0.192 |       0.000 |       0.000 |  932.264 |  125.568
     Upper |   82 |    217 |   0.641 |   0.480 |   1.127 |   0.187 |       0.000 |       0.000 |  926.120 |  128.567
     Upper |   83 |    192 |   0.667 |   0.471 |   1.146 |   0.183 |       0.000 |       0.000 |  925.516 |  129.011
     Upper |   84 |    174 |   0.575 |   0.494 |   1.120 |   0.183 |       0.000 |       0.000 |  921.060 |  133.413
     Upper |   85 |    210 |   0.643 |   0.479 |   1.129 |   0.192 |       0.000 |       0.000 |  929.155 |  126.934
     Upper |   86 |    190 |   0.589 |   0.492 |   1.119 |   0.187 |       0.000 |       0.000 |  928.947 |  127.547
     Upper |   87 |    217 |   0.659 |   0.474 |   1.122 |   0.171 |       0.000 |       0.000 |  933.207 |  123.949
     Upper |   88 |    200 |   0.650 |   0.477 |   1.113 |   0.183 |       0.000 |       0.000 |  926.750 |  128.654
     Upper |   89 |    174 |   0.707 |   0.455 |   1.110 |   0.168 |       0.000 |       0.000 |  914.575 |  136.158
     Upper |   90 |    203 |   0.675 |   0.468 |   1.122 |   0.192 |       0.000 |       0.000 |  929.719 |  126.420
     Upper |   91 |    180 |   0.633 |   0.482 |   1.121 |   0.176 |       0.000 |       0.000 |  921.303 |  132.243
     Upper |   92 |    220 |   0.618 |   0.486 |   1.118 |   0.179 |       0.000 |       0.000 |  919.041 |  132.371
     Upper |   93 |    191 |   0.649 |   0.477 |   1.112 |   0.177 |       0.000 |       0.000 |  917.147 |  133.625
     Upper |   94 |    174 |   0.632 |   0.482 |   1.118 |   0.168 |       0.000 |       0.000 |  918.009 |  134.530
     Upper |   95 |    195 |   0.605 |   0.489 |   1.116 |   0.163 |       0.000 |       0.000 |  940.297 |  119.523
     Upper |   96 |    173 |   0.676 |   0.468 |   1.100 |   0.161 |       0.000 |       0.000 |  940.460 |  120.272
     Upper |   97 |    201 |   0.721 |   0.448 |   1.094 |   0.155 |       0.000 |       0.000 |  946.525 |  114.732
     Upper |   98 |    187 |   0.610 |   0.488 |   1.101 |   0.160 |       0.000 |       0.000 |  931.099 |  126.079
     Upper |   99 |    167 |   0.647 |   0.478 |   1.124 |   0.170 |       0.000 |       0.000 |  915.144 |  135.257
     Upper |  100 |    195 |   0.600 |   0.490 |   1.122 |   0.173 |       0.000 |       0.000 |  917.554 |  133.190
     Upper |  101 |    173 |   0.630 |   0.483 |   1.104 |   0.174 |       0.000 |       0.000 |  909.049 |  138.410
     Upper |  102 |    189 |   0.619 |   0.486 |   1.103 |   0.154 |       0.000 |       0.000 |  939.918 |  119.852
     Upper |  103 |    173 |   0.694 |   0.461 |   1.104 |   0.157 |       0.000 |       0.000 |  927.026 |  128.673
     Upper |  104 |    151 |   0.636 |   0.481 |   1.104 |   0.153 |       0.000 |       0.000 |  943.268 |  118.445
     Upper |  105 |    174 |   0.649 |   0.477 |   1.101 |   0.164 |       0.000 |       0.000 |  934.236 |  124.263
     Upper |  106 |    157 |   0.567 |   0.496 |   1.097 |   0.156 |       0.000 |       0.000 |  932.857 |  124.967
     Upper |  107 |    192 |   0.651 |   0.477 |   1.085 |   0.158 |       0.000 |       0.000 |  925.312 |  129.349
     Upper |  108 |    172 |   0.645 |   0.478 |   1.105 |   0.158 |       0.000 |       0.000 |  918.241 |  133.077
     Upper |  109 |    153 |   0.582 |   0.493 |   1.098 |   0.176 |       0.000 |       0.000 |  914.690 |  135.912
     Upper |  110 |    179 |   0.603 |   0.489 |   1.099 |   0.154 |       0.000 |       0.000 |  918.176 |  133.105
     Upper |  111 |    162 |   0.660 |   0.474 |   1.104 |   0.166 |       0.000 |       0.000 |  913.003 |  135.680
     Upper |  112 |    183 |   0.656 |   0.475 |   1.092 |   0.160 |       0.000 |       0.000 |  928.358 |  127.261
     Upper |  113 |    163 |   0.724 |   0.447 |   1.096 |   0.165 |       0.000 |       0.000 |  922.218 |  131.670
     Upper |  114 |    141 |   0.652 |   0.476 |   1.101 |   0.153 |       0.000 |       0.000 |  935.117 |  124.151
     Upper |  115 |    169 |   0.574 |   0.494 |   1.068 |   0.154 |       0.000 |       0.000 |  929.358 |  126.624
     Upper |  116 |    154 |   0.656 |   0.475 |   1.086 |   0.150 |       0.000 |       0.000 |  929.360 |  127.439
     Upper |  117 |    176 |   0.619 |   0.486 |   1.081 |   0.156 |       0.000 |       0.000 |  941.909 |  118.662
     Upper |  118 |    160 |   0.600 |   0.490 |   1.085 |   0.152 |       0.000 |       0.000 |  939.812 |  120.076
     Upper |  119 |    139 |   0.518 |   0.500 |   1.084 |   0.150 |       0.000 |       0.000 |  942.604 |  118.971
     Upper |  120 |    163 |   0.620 |   0.485 |   1.070 |   0.144 |       0.000 |       0.000 |  940.736 |  119.659
     Upper |  121 |    148 |   0.615 |   0.487 |   1.092 |   0.145 |       0.000 |       0.000 |  932.443 |  125.574
     Upper |  122 |    166 |   0.620 |   0.485 |   1.081 |   0.160 |       0.000 |       0.000 |  931.464 |  125.537
     Upper |  123 |    152 |   0.618 |   0.486 |   1.079 |   0.132 |       0.000 |       0.000 |  932.194 |  125.849
     Upper |  124 |    135 |   0.600 |   0.490 |   1.078 |   0.139 |       0.000 |       0.000 |  931.937 |  126.557
     Upper |  125 |    160 |   0.613 |   0.487 |   1.066 |   0.140 |       0.000 |       0.000 |  926.516 |  129.055
     Upper |  126 |    140 |   0.600 |   0.490 |   1.079 |   0.138 |       0.000 |       0.000 |  932.732 |  125.485
     Upper |  127 |    172 |   0.593 |   0.491 |   1.089 |   0.141 |       0.000 |       0.000 |  923.131 |  130.888
     Upper |  128 |    150 |   0.607 |   0.488 |   1.083 |   0.153 |       0.000 |       0.000 |  923.210 |  131.303
     Upper |  129 |    137 |   0.628 |   0.483 |   1.078 |   0.148 |       0.000 |       0.000 |  919.449 |  134.148
     Upper |  130 |    153 |   0.614 |   0.487 |   1.071 |   0.128 |       0.000 |       0.000 |  948.422 |  113.630
     Upper |  131 |    141 |   0.567 |   0.495 |   1.068 |   0.133 |       0.000 |       0.000 |  945.550 |  116.677
     Upper |  132 |    168 |   0.619 |   0.486 |   1.053 |   0.137 |       0.000 |       0.000 |  943.949 |  117.681
     Upper |  133 |    156 |   0.628 |   0.483 |   1.074 |   0.144 |       0.000 |       0.000 |  931.676 |  126.628
     Upper |  134 |    147 |   0.558 |   0.497 |   1.077 |   0.148 |       0.000 |       0.000 |  923.588 |  131.170
     Upper |  135 |    165 |   0.642 |   0.479 |   1.084 |   0.145 |       0.000 |       0.000 |  932.339 |  125.598
     Upper |  136 |    150 |   0.633 |   0.482 |   1.086 |   0.141 |       0.000 |       0.000 |  921.847 |  131.304
     Upper |  137 |    166 |   0.572 |   0.495 |   1.084 |   0.136 |       0.000 |       0.000 |  938.120 |  121.688
     Upper |  138 |    144 |   0.604 |   0.489 |   1.068 |   0.134 |       0.000 |       0.000 |  947.288 |  114.466
     Upper |  139 |    133 |   0.564 |   0.496 |   1.069 |   0.133 |       0.000 |       0.000 |  928.929 |  128.082
     Upper |  140 |    149 |   0.584 |   0.493 |   1.087 |   0.135 |       0.000 |       0.000 |  943.574 |  116.863
     Upper |  141 |    134 |   0.627 |   0.484 |   1.084 |   0.128 |       0.000 |       0.000 |  938.627 |  121.420
     Upper |  142 |    159 |   0.591 |   0.492 |   1.072 |   0.135 |       0.000 |       0.000 |  932.264 |  124.877
     Upper |  143 |    141 |   0.603 |   0.489 |   1.088 |   0.142 |       0.000 |       0.000 |  940.018 |  119.907
     Upper |  144 |    125 |   0.608 |   0.488 |   1.084 |   0.151 |       0.000 |       0.000 |  936.180 |  123.548
     Upper |  145 |    147 |   0.673 |   0.469 |   1.090 |   0.142 |       0.000 |       0.000 |  930.667 |  125.853
     Upper |  146 |    134 |   0.515 |   0.500 |   1.092 |   0.140 |       0.000 |       0.000 |  922.575 |  131.941
     Upper |  147 |    156 |   0.596 |   0.491 |   1.081 |   0.138 |       0.000 |       0.000 |  924.667 |  130.049
     Upper |  148 |    143 |   0.622 |   0.485 |   1.082 |   0.148 |       0.000 |       0.000 |  913.350 |  135.966
     Upper |  149 |    123 |   0.634 |   0.482 |   1.058 |   0.136 |       0.000 |       0.000 |  927.793 |  128.960
     Upper |  150 |    144 |   0.604 |   0.489 |   1.088 |   0.137 |       0.000 |       0.000 |  926.372 |  129.313
     Upper |  151 |    133 |   0.662 |   0.473 |   1.075 |   0.131 |       0.000 |       0.000 |  911.692 |  136.232
     Upper |  152 |    150 |   0.660 |   0.474 |   1.084 |   0.142 |       0.000 |       0.000 |  941.470 |  119.099
     Upper |  153 |    138 |   0.616 |   0.486 |   1.086 |   0.141 |       0.000 |       0.000 |  933.569 |  125.352
     Upper |  154 |    121 |   0.669 |   0.470 |   1.062 |   0.136 |       0.000 |       0.000 |  933.781 |  125.486
     Upper |  155 |    144 |   0.639 |   0.480 |   1.075 |   0.143 |       0.000 |       0.000 |  922.778 |  130.724
     Upper |  156 |    131 |   0.634 |   0.482 |   1.095 |   0.135 |       0.000 |       0.000 |  923.630 |  130.726
     Upper |  157 |    145 |   0.628 |   0.483 |   1.065 |   0.146 |       0.000 |       0.000 |  943.497 |  117.582
     Upper |  158 |    133 |   0.586 |   0.492 |   1.089 |   0.138 |       0.000 |       0.000 |  922.282 |  131.776
     Upper |  159 |    122 |   0.598 |   0.490 |   1.101 |   0.132 |       0.000 |       0.000 |  927.520 |  128.748
     Upper |  160 |    141 |   0.610 |   0.488 |   1.079 |   0.147 |       0.000 |       0.000 |  929.496 |  126.909
     Upper |  161 |    122 |   0.549 |   0.498 |   1.073 |   0.129 |       0.000 |       0.000 |  942.168 |  118.939
     Upper |  162 |    135 |   0.652 |   0.476 |   1.056 |   0.127 |       0.000 |       0.000 |  952.093 |  110.883
     Upper |  163 |    128 |   0.586 |   0.493 |   1.079 |   0.128 |       0.000 |       0.000 |  937.922 |  122.075
     Upper |  164 |    117 |   0.598 |   0.490 |   1.074 |   0.128 |       0.000 |       0.000 |  929.573 |  127.380
     Upper |  165 |    134 |   0.687 |   0.464 |   1.062 |   0.127 |       0.000 |       0.000 |  938.970 |  120.746
     Upper |  166 |    126 |   0.611 |   0.487 |   1.101 |   0.147 |       0.000 |       0.000 |  917.508 |  134.687
     Upper |  167 |    145 |   0.669 |   0.471 |   1.084 |   0.138 |       0.000 |       0.000 |  931.300 |  125.978
     Upper |  168 |    131 |   0.626 |   0.484 |   1.072 |   0.122 |       0.000 |       0.000 |  937.053 |  122.711
     Upper |  169 |    121 |   0.636 |   0.481 |   1.086 |   0.133 |       0.000 |       0.000 |  923.988 |  131.312
     Upper |  170 |    137 |   0.642 |   0.479 |   1.090 |   0.136 |       0.000 |       0.000 |  937.818 |  121.986
     Upper |  171 |    126 |   0.627 |   0.484 |   1.093 |   0.137 |       0.000 |       0.000 |  925.433 |  129.555
     Upper |  172 |    142 |   0.606 |   0.489 |   1.082 |   0.126 |       0.000 |       0.000 |  944.187 |  117.309
     Upper |  173 |    133 |   0.556 |   0.497 |   1.078 |   0.126 |       0.000 |       0.000 |  926.665 |  129.466
     Upper |  174 |    122 |   0.672 |   0.469 |   1.097 |   0.127 |       0.000 |       0.000 |  909.939 |  138.081
     Upper |  175 |    136 |   0.574 |   0.495 |   1.086 |   0.138 |       0.000 |       0.000 |  919.118 |  134.009
     Upper |  176 |    117 |   0.598 |   0.490 |   1.103 |   0.127 |       0.000 |       0.000 |  929.252 |  127.948
     Upper |  177 |    129 |   0.651 |   0.477 |   1.092 |   0.134 |       0.000 |       0.000 |  945.415 |  116.311
     Upper |  178 |    116 |   0.595 |   0.491 |   1.082 |   0.131 |       0.000 |       0.000 |  947.694 |  113.416
     Upper |  179 |    107 |   0.598 |   0.490 |   1.075 |   0.138 |       0.000 |       0.000 |  931.182 |  126.494
     Upper |  180 |    128 |   0.602 |   0.490 |   1.086 |   0.127 |       0.000 |       0.000 |  919.277 |  133.286
     Upper |  181 |    111 |   0.604 |   0.489 |   1.095 |   0.130 |       0.000 |       0.000 |  912.099 |  136.754
     Upper |  182 |    132 |   0.606 |   0.489 |   1.085 |   0.127 |       0.000 |       0.000 |  912.830 |  136.210
     Upper |  183 |    114 |   0.544 |   0.498 |   1.106 |   0.146 |       0.000 |       0.000 |  906.566 |  139.070
     Upper |  184 |     92 |   0.674 |   0.469 |   1.090 |   0.136 |       0.000 |       0.000 |  938.527 |  122.497
     Upper |  185 |    111 |   0.703 |   0.457 |   1.085 |   0.125 |       0.000 |       0.000 |  928.536 |  127.858
     Upper |  186 |     98 |   0.531 |   0.499 |   1.080 |   0.121 |       0.000 |       0.000 |  939.301 |  121.886
     Upper |  187 |    123 |   0.650 |   0.477 |   1.086 |   0.122 |       0.000 |       0.000 |  914.081 |  135.180
     Upper |  188 |    102 |   0.529 |   0.499 |   1.084 |   0.133 |       0.000 |       0.000 |  936.534 |  122.964
     Upper |  189 |     88 |   0.648 |   0.478 |   1.073 |   0.131 |       0.000 |       0.000 |  953.312 |  109.693
     Upper |  190 |    107 |   0.645 |   0.479 |   1.058 |   0.134 |       0.000 |       0.000 |  934.065 |  124.535
     Upper |  191 |     96 |   0.625 |   0.484 |   1.075 |   0.127 |       0.000 |       0.000 |  931.745 |  127.074
     Upper |  192 |    111 |   0.613 |   0.487 |   1.077 |   0.121 |       0.000 |       0.000 |  950.009 |  112.242
     Upper |  193 |    103 |   0.650 |   0.477 |   1.080 |   0.120 |       0.000 |       0.000 |  943.786 |  116.593
     Upper |  194 |     95 |   0.663 |   0.473 |   1.069 |   0.116 |       0.000 |       0.000 |  938.042 |  121.958
     Upper |  195 |    108 |   0.611 |   0.487 |   1.082 |   0.112 |       0.000 |       0.000 |  937.500 |  122.141
     Upper |  196 |     99 |   0.556 |   0.497 |   1.070 |   0.117 |       0.000 |       0.000 |  937.833 |  121.786
     Upper |  197 |    114 |   0.675 |   0.468 |   1.077 |   0.110 |       0.000 |       0.000 |  943.421 |  117.787
     Upper |  198 |    105 |   0.581 |   0.493 |   1.089 |   0.120 |       0.000 |       0.000 |  941.476 |  119.102
     Upper |  199 |     91 |   0.593 |   0.491 |   1.077 |   0.142 |       0.000 |       0.000 |  935.209 |  124.022
 Randomize |    0 |   1000 |   1.000 |   0.000 |     inf |     nan |       1.000 |       0.000 |    0.000 |    0.000
 Randomize |    1 |    539 |   1.000 |   0.000 |     inf |     nan |       1.000 |       0.000 |    0.000 |    0.000
 Randomize |    2 |    784 |   0.853 |   0.354 |     inf |     nan |       0.839 |       0.367 |    5.403 |    0.491
 Randomize |    3 |    550 |   0.780 |   0.414 |     inf |     nan |       0.713 |       0.452 |   19.975 |    2.819
 Randomize |    4 |    394 |   0.728 |   0.445 |     inf |     nan |       0.612 |       0.487 |   92.772 |   15.454
 Randomize |    5 |    581 |   0.744 |   0.437 |   2.195 |     nan |       0.377 |       0.485 |  615.594 |   88.840
 Randomize |    6 |    437 |   0.703 |   0.457 |   1.838 |     nan |       0.307 |       0.461 |  818.351 |  137.563
 Randomize |    7 |    613 |   0.726 |   0.446 |   1.644 |     nan |       0.184 |       0.388 |  873.470 |  124.973
 Randomize |    8 |    488 |   0.707 |   0.455 |   1.540 |     nan |       0.189 |       0.391 |  847.057 |  137.887
 Randomize |    9 |    375 |   0.672 |   0.469 |   1.425 |     nan |       0.181 |       0.385 |  820.545 |  147.472
 Randomize |   10 |    512 |   0.650 |   0.477 |   1.385 |     nan |       0.086 |       0.280 |  866.429 |  136.273
 Randomize |   11 |    406 |   0.665 |   0.472 |   1.328 |     nan |       0.108 |       0.311 |  842.376 |  145.248
 Randomize |   12 |    549 |   0.643 |   0.479 |   1.318 |     nan |       0.031 |       0.173 |  882.972 |  134.023
 Randomize |   13 |    449 |   0.713 |   0.453 |   1.286 |     nan |       0.022 |       0.148 |  859.447 |  142.600
 Randomize |   14 |    361 |   0.623 |   0.485 |   1.275 |     nan |       0.047 |       0.212 |  837.078 |  149.661
 Randomize |   15 |    473 |   0.670 |   0.470 |   1.241 |     nan |       0.004 |       0.065 |  871.948 |  140.276
 Randomize |   16 |    374 |   0.676 |   0.468 |   1.222 |     nan |       0.008 |       0.089 |  859.434 |  147.065
 Randomize |   17 |    502 |   0.643 |   0.479 |   1.210 |   0.454 |       0.000 |       0.000 |  883.151 |  137.380
 Randomize |   18 |    410 |   0.629 |   0.483 |   1.205 |   0.460 |       0.000 |       0.000 |  867.583 |  144.376
 Randomize |   19 |    328 |   0.643 |   0.479 |   1.191 |   0.492 |       0.000 |       0.000 |  849.262 |  150.008
 Randomize |   20 |    440 |   0.627 |   0.484 |   1.158 |   0.405 |       0.000 |       0.000 |  883.116 |  140.453
 Randomize |   21 |    367 |   0.627 |   0.484 |   1.165 |   0.439 |       0.000 |       0.000 |  862.247 |  147.022
 Randomize |   22 |    447 |   0.617 |   0.486 |   1.169 |   0.359 |       0.000 |       0.000 |  896.658 |  136.481
 Randomize |   23 |    369 |   0.696 |   0.460 |   1.182 |   0.392 |       0.000 |       0.000 |  887.533 |  141.915
 Randomize |   24 |    309 |   0.650 |   0.477 |   1.166 |   0.367 |       0.000 |       0.000 |  869.396 |  148.499
 Randomize |   25 |    407 |   0.629 |   0.483 |   1.155 |   0.329 |       0.000 |       0.000 |  879.657 |  141.939
 Randomize |   26 |    335 |   0.636 |   0.481 |   1.146 |   0.339 |       0.000 |       0.000 |  872.655 |  146.103
 Randomize |   27 |    426 |   0.650 |   0.477 |   1.133 |   0.323 |       0.000 |       0.000 |  897.860 |  137.162
 Randomize |   28 |    357 |   0.625 |   0.484 |   1.133 |   0.329 |       0.000 |       0.000 |  889.910 |  142.547
 Randomize |   29 |    300 |   0.650 |   0.477 |   1.172 |   0.317 |       0.000 |       0.000 |  876.323 |  147.622
 Randomize |   30 |    377 |   0.613 |   0.487 |   1.124 |   0.301 |       0.000 |       0.000 |  900.578 |  138.500
 Randomize |   31 |    315 |   0.616 |   0.486 |   1.132 |   0.283 |       0.000 |       0.000 |  890.210 |  143.236
 Randomize |   32 |    387 |   0.641 |   0.480 |   1.141 |   0.280 |       0.000 |       0.000 |  904.048 |  136.389
 Randomize |   33 |    335 |   0.600 |   0.490 |   1.119 |   0.291 |       0.000 |       0.000 |  890.525 |  142.362
 Randomize |   34 |    273 |   0.645 |   0.479 |   1.142 |   0.281 |       0.000 |       0.000 |  884.502 |  146.319
 Randomize |   35 |    333 |   0.592 |   0.492 |   1.110 |   0.283 |       0.000 |       0.000 |  904.898 |  136.908
 Randomize |   36 |    281 |   0.619 |   0.486 |   1.135 |   0.268 |       0.000 |       0.000 |  899.819 |  140.531
 Randomize |   37 |    361 |   0.648 |   0.478 |   1.119 |   0.268 |       0.000 |       0.000 |  912.853 |  133.217
 Randomize |   38 |    309 |   0.589 |   0.492 |   1.119 |   0.267 |       0.000 |       0.000 |  890.405 |  142.720
 Randomize |   39 |    252 |   0.623 |   0.485 |   1.129 |   0.286 |       0.000 |       0.000 |  888.000 |  145.339
 Randomize |   40 |    319 |   0.627 |   0.484 |   1.094 |   0.245 |       0.000 |       0.000 |  895.602 |  140.438
 Randomize |   41 |    269 |   0.617 |   0.486 |   1.129 |   0.251 |       0.000 |       0.000 |  885.933 |  145.007
 Randomize |   42 |    343 |   0.621 |   0.485 |   1.094 |   0.254 |       0.000 |       0.000 |  892.703 |  140.437
 Randomize |   43 |    292 |   0.654 |   0.476 |   1.105 |   0.242 |       0.000 |       0.000 |  884.404 |  144.721
 Randomize |   44 |    241 |   0.672 |   0.469 |   1.105 |   0.245 |       0.000 |       0.000 |  876.320 |  148.122
 Randomize |   45 |    303 |   0.630 |   0.483 |   1.081 |   0.242 |       0.000 |       0.000 |  902.040 |  138.984
 Randomize |   46 |    261 |   0.667 |   0.471 |   1.082 |   0.233 |       0.000 |       0.000 |  896.038 |  142.317
 Randomize |   47 |    314 |   0.631 |   0.483 |   1.091 |   0.221 |       0.000 |       0.000 |  914.045 |  133.088
 Randomize |   48 |    274 |   0.580 |   0.494 |   1.076 |   0.218 |       0.000 |       0.000 |  900.179 |  140.715
 Randomize |   49 |    230 |   0.561 |   0.496 |   1.083 |   0.221 |       0.000 |       0.000 |  885.843 |  146.373
 Randomize |   50 |    291 |   0.629 |   0.483 |   1.094 |   0.224 |       0.000 |       0.000 |  904.098 |  138.155
 Randomize |   51 |    236 |   0.551 |   0.497 |   1.081 |   0.204 |       0.000 |       0.000 |  910.002 |  137.394
 Randomize |   52 |    300 |   0.653 |   0.476 |   1.095 |   0.207 |       0.000 |       0.000 |  906.140 |  136.254
 Randomize |   53 |    256 |   0.637 |   0.481 |   1.088 |   0.202 |       0.000 |       0.000 |  915.027 |  134.889
 Randomize |   54 |    223 |   0.587 |   0.492 |   1.069 |   0.207 |       0.000 |       0.000 |  902.489 |  141.297
 Randomize |   55 |    279 |   0.602 |   0.489 |   1.080 |   0.197 |       0.000 |       0.000 |  908.875 |  136.934
 Randomize |   56 |    236 |   0.606 |   0.489 |   1.071 |   0.209 |       0.000 |       0.000 |  907.898 |  137.808
 Randomize |   57 |    296 |   0.574 |   0.494 |   1.078 |   0.208 |       0.000 |       0.000 |  908.760 |  136.350
 Randomize |   58 |    262 |   0.546 |   0.498 |   1.076 |   0.203 |       0.000 |       0.000 |  899.641 |  140.196
 Randomize |   59 |    213 |   0.624 |   0.484 |   1.086 |   0.203 |       0.000 |       0.000 |  905.577 |  139.401
 Randomize |   60 |    262 |   0.618 |   0.486 |   1.058 |   0.195 |       0.000 |       0.000 |  914.090 |  134.794
 Randomize |   61 |    221 |   0.584 |   0.493 |   1.052 |   0.198 |       0.000 |       0.000 |  920.993 |  132.628
 Randomize |   62 |    269 |   0.599 |   0.490 |   1.077 |   0.191 |       0.000 |       0.000 |  921.320 |  130.641
 Randomize |   63 |    239 |   0.594 |   0.491 |   1.096 |   0.193 |       0.000 |       0.000 |  911.412 |  136.489
 Randomize |   64 |    204 |   0.657 |   0.475 |   1.092 |   0.181 |       0.000 |       0.000 |  908.885 |  137.862
 Randomize |   65 |    244 |   0.643 |   0.479 |   1.061 |   0.187 |       0.000 |       0.000 |  910.430 |  136.046
 Randomize |   66 |    220 |   0.577 |   0.494 |   1.075 |   0.184 |       0.000 |       0.000 |  894.718 |  143.494
 Randomize |   67 |    260 |   0.573 |   0.495 |   1.082 |   0.166 |       0.000 |       0.000 |  912.671 |  134.996
 Randomize |   68 |    224 |   0.594 |   0.491 |   1.074 |   0.196 |       0.000 |       0.000 |  914.750 |  134.969
 Randomize |   69 |    190 |   0.611 |   0.488 |   1.090 |   0.180 |       0.000 |       0.000 |  918.771 |  134.020
 Randomize |   70 |    227 |   0.608 |   0.488 |   1.078 |   0.186 |       0.000 |       0.000 |  917.945 |  132.624
 Randomize |   71 |    199 |   0.633 |   0.482 |   1.093 |   0.187 |       0.000 |       0.000 |  919.595 |  133.445
 Randomize |   72 |    240 |   0.646 |   0.478 |   1.081 |   0.171 |       0.000 |       0.000 |  914.829 |  134.342
 Randomize |   73 |    213 |   0.596 |   0.491 |   1.072 |   0.171 |       0.000 |       0.000 |  908.876 |  137.567
 Randomize |   74 |    184 |   0.587 |   0.492 |   1.084 |   0.165 |       0.000 |       0.000 |  908.299 |  138.443
 Randomize |   75 |    221 |   0.665 |   0.472 |   1.090 |   0.173 |       0.000 |       0.000 |  916.473 |  133.935
 Randomize |   76 |    195 |   0.631 |   0.483 |   1.068 |   0.170 |       0.000 |       0.000 |  919.508 |  133.450
 Randomize |   77 |    233 |   0.562 |   0.496 |   1.064 |   0.174 |       0.000 |       0.000 |  917.472 |  132.938
 Randomize |   78 |    199 |   0.603 |   0.489 |   1.082 |   0.169 |       0.000 |       0.000 |  914.636 |  134.722
 Randomize |   79 |    177 |   0.565 |   0.496 |   1.067 |   0.167 |       0.000 |       0.000 |  917.706 |  134.663
 Randomize |   80 |    207 |   0.643 |   0.479 |   1.074 |   0.169 |       0.000 |       0.000 |  933.370 |  124.816
 Randomize |   81 |    182 |   0.621 |   0.485 |   1.054 |   0.184 |       0.000 |       0.000 |  932.255 |  125.580
 Randomize |   82 |    217 |   0.613 |   0.487 |   1.070 |   0.179 |       0.000 |       0.000 |  926.106 |  128.592
 Randomize |   83 |    192 |   0.625 |   0.484 |   1.085 |   0.169 |       0.000 |       0.000 |  925.562 |  128.930
 Randomize |   84 |    174 |   0.563 |   0.496 |   1.056 |   0.169 |       0.000 |       0.000 |  921.009 |  133.496
 Randomize |   85 |    210 |   0.619 |   0.486 |   1.078 |   0.174 |       0.000 |       0.000 |  929.210 |  126.833
 Randomize |   86 |    190 |   0.589 |   0.492 |   1.068 |   0.175 |       0.000 |       0.000 |  928.903 |  127.628
 Randomize |   87 |    217 |   0.650 |   0.477 |   1.075 |   0.163 |       0.000 |       0.000 |  933.175 |  124.007
 Randomize |   88 |    200 |   0.630 |   0.483 |   1.045 |   0.164 |       0.000 |       0.000 |  926.795 |  128.574
 Randomize |   89 |    174 |   0.684 |   0.465 |   1.067 |   0.165 |       0.000 |       0.000 |  914.552 |  136.195
 Randomize |   90 |    203 |   0.665 |   0.472 |   1.070 |   0.177 |       0.000 |       0.000 |  929.810 |  126.258
 Randomize |   91 |    180 |   0.622 |   0.485 |   1.065 |   0.166 |       0.000 |       0.000 |  921.261 |  132.314
 Randomize |   92 |    220 |   0.595 |   0.491 |   1.050 |   0.164 |       0.000 |       0.000 |  918.975 |  132.473
 Randomize |   93 |    191 |   0.639 |   0.480 |   1.052 |   0.177 |       0.000 |       0.000 |  917.152 |  133.617
 Randomize |   94 |    174 |   0.603 |   0.489 |   1.077 |   0.163 |       0.000 |       0.000 |  917.954 |  134.614
 Randomize |   95 |    195 |   0.574 |   0.494 |   1.054 |   0.154 |       0.000 |       0.000 |  940.310 |  119.497
 Randomize |   96 |    173 |   0.653 |   0.476 |   1.062 |   0.159 |       0.000 |       0.000 |  940.491 |  120.210
 Randomize |   97 |    201 |   0.706 |   0.455 |   1.053 |   0.152 |       0.000 |       0.000 |  946.552 |  114.675
 Randomize |   98 |    187 |   0.583 |   0.493 |   1.055 |   0.153 |       0.000 |       0.000 |  931.136 |  126.013
 Randomize |   99 |    167 |   0.641 |   0.480 |   1.070 |   0.164 |       0.000 |       0.000 |  915.099 |  135.327
 Randomize |  100 |    195 |   0.590 |   0.492 |   1.072 |   0.159 |       0.000 |       0.000 |  917.587 |  133.135
 Randomize |  101 |    173 |   0.613 |   0.487 |   1.070 |   0.161 |       0.000 |       0.000 |  909.043 |  138.417
 Randomize |  102 |    189 |   0.603 |   0.489 |   1.066 |   0.149 |       0.000 |       0.000 |  939.942 |  119.808
 Randomize |  103 |    173 |   0.659 |   0.474 |   1.047 |   0.149 |       0.000 |       0.000 |  927.139 |  128.477
 Randomize |  104 |    151 |   0.629 |   0.483 |   1.085 |   0.146 |       0.000 |       0.000 |  943.311 |  118.356
 Randomize |  105 |    174 |   0.638 |   0.481 |   1.052 |   0.150 |       0.000 |       0.000 |  934.296 |  124.153
 Randomize |  106 |    157 |   0.561 |   0.496 |   1.045 |   0.143 |       0.000 |       0.000 |  932.869 |  124.944
 Randomize |  107 |    192 |   0.641 |   0.480 |   1.043 |   0.143 |       0.000 |       0.000 |  925.268 |  129.425
 Randomize |  108 |    172 |   0.605 |   0.489 |   1.058 |   0.143 |       0.000 |       0.000 |  918.314 |  132.962
 Randomize |  109 |    153 |   0.556 |   0.497 |   1.044 |   0.163 |       0.000 |       0.000 |  914.703 |  135.892
 Randomize |  110 |    179 |   0.592 |   0.491 |   1.067 |   0.146 |       0.000 |       0.000 |  918.140 |  133.165
 Randomize |  111 |    162 |   0.654 |   0.476 |   1.057 |   0.157 |       0.000 |       0.000 |  913.037 |  135.625
 Randomize |  112 |    183 |   0.628 |   0.483 |   1.064 |   0.145 |       0.000 |       0.000 |  928.309 |  127.345
 Randomize |  113 |    163 |   0.706 |   0.456 |   1.055 |   0.152 |       0.000 |       0.000 |  922.199 |  131.702
 Randomize |  114 |    141 |   0.652 |   0.476 |   1.049 |   0.151 |       0.000 |       0.000 |  935.124 |  124.137
 Randomize |  115 |    169 |   0.556 |   0.497 |   1.030 |   0.151 |       0.000 |       0.000 |  929.296 |  126.730
 Randomize |  116 |    154 |   0.643 |   0.479 |   1.047 |   0.148 |       0.000 |       0.000 |  929.373 |  127.413
 Randomize |  117 |    176 |   0.574 |   0.495 |   1.020 |   0.149 |       0.000 |       0.000 |  941.906 |  118.668
 Randomize |  118 |    160 |   0.594 |   0.491 |   1.045 |   0.151 |       0.000 |       0.000 |  939.816 |  120.071
 Randomize |  119 |    139 |   0.496 |   0.500 |   1.034 |   0.139 |       0.000 |       0.000 |  942.658 |  118.861
 Randomize |  120 |    163 |   0.613 |   0.487 |   1.022 |   0.138 |       0.000 |       0.000 |  940.745 |  119.640
 Randomize |  121 |    148 |   0.601 |   0.490 |   1.042 |   0.135 |       0.000 |       0.000 |  932.483 |  125.499
 Randomize |  122 |    166 |   0.614 |   0.487 |   1.048 |   0.148 |       0.000 |       0.000 |  931.482 |  125.499
 Randomize |  123 |    152 |   0.618 |   0.486 |   1.040 |   0.127 |       0.000 |       0.000 |  932.188 |  125.861
 Randomize |  124 |    135 |   0.585 |   0.493 |   1.026 |   0.132 |       0.000 |       0.000 |  931.933 |  126.563
 Randomize |  125 |    160 |   0.606 |   0.489 |   1.025 |   0.136 |       0.000 |       0.000 |  926.462 |  129.158
 Randomize |  126 |    140 |   0.593 |   0.491 |   1.035 |   0.135 |       0.000 |       0.000 |  932.743 |  125.465
 Randomize |  127 |    172 |   0.581 |   0.493 |   1.049 |   0.139 |       0.000 |       0.000 |  923.128 |  130.886
 Randomize |  128 |    150 |   0.580 |   0.494 |   1.054 |   0.144 |       0.000 |       0.000 |  923.180 |  131.352
 Randomize |  129 |    137 |   0.628 |   0.483 |   1.036 |   0.144 |       0.000 |       0.000 |  919.493 |  134.070
 Randomize |  130 |    153 |   0.614 |   0.487 |   1.033 |   0.128 |       0.000 |       0.000 |  948.402 |  113.674
 Randomize |  131 |    141 |   0.553 |   0.497 |   1.029 |   0.126 |       0.000 |       0.000 |  945.553 |  116.668
 Randomize |  132 |    168 |   0.613 |   0.487 |   1.026 |   0.134 |       0.000 |       0.000 |  943.961 |  117.656
 Randomize |  133 |    156 |   0.622 |   0.485 |   1.029 |   0.140 |       0.000 |       0.000 |  931.606 |  126.756
 Randomize |  134 |    147 |   0.544 |   0.498 |   1.040 |   0.144 |       0.000 |       0.000 |  923.619 |  131.117
 Randomize |  135 |    165 |   0.624 |   0.484 |   1.037 |   0.139 |       0.000 |       0.000 |  932.367 |  125.546
 Randomize |  136 |    150 |   0.600 |   0.490 |   1.059 |   0.141 |       0.000 |       0.000 |  921.747 |  131.473
 Randomize |  137 |    166 |   0.566 |   0.496 |   1.032 |   0.135 |       0.000 |       0.000 |  938.102 |  121.722
 Randomize |  138 |    144 |   0.590 |   0.492 |   1.024 |   0.128 |       0.000 |       0.000 |  947.278 |  114.490
 Randomize |  139 |    133 |   0.564 |   0.496 |   1.025 |   0.121 |       0.000 |       0.000 |  928.940 |  128.061
 Randomize |  140 |    149 |   0.584 |   0.493 |   1.056 |   0.127 |       0.000 |       0.000 |  943.460 |  117.087
 Randomize |  141 |    134 |   0.604 |   0.489 |   1.042 |   0.120 |       0.000 |       0.000 |  938.694 |  121.283
 Randomize |  142 |    159 |   0.591 |   0.492 |   1.031 |   0.129 |       0.000 |       0.000 |  932.296 |  124.822
 Randomize |  143 |    141 |   0.596 |   0.491 |   1.033 |   0.135 |       0.000 |       0.000 |  939.965 |  120.012
 Randomize |  144 |    125 |   0.576 |   0.494 |   1.050 |   0.137 |       0.000 |       0.000 |  936.104 |  123.700
 Randomize |  145 |    147 |   0.660 |   0.474 |   1.048 |   0.135 |       0.000 |       0.000 |  930.755 |  125.695
 Randomize |  146 |    134 |   0.507 |   0.500 |   1.063 |   0.133 |       0.000 |       0.000 |  922.608 |  131.883
 Randomize |  147 |    156 |   0.590 |   0.492 |   1.056 |   0.136 |       0.000 |       0.000 |  924.699 |  130.001
 Randomize |  148 |    143 |   0.601 |   0.490 |   1.062 |   0.142 |       0.000 |       0.000 |  913.395 |  135.896
 Randomize |  149 |    123 |   0.634 |   0.482 |   1.023 |   0.126 |       0.000 |       0.000 |  927.821 |  128.907
 Randomize |  150 |    144 |   0.590 |   0.492 |   1.046 |   0.135 |       0.000 |       0.000 |  926.316 |  129.410
 Randomize |  151 |    133 |   0.639 |   0.480 |   1.035 |   0.127 |       0.000 |       0.000 |  911.820 |  136.036
 Randomize |  152 |    150 |   0.647 |   0.478 |   1.046 |   0.131 |       0.000 |       0.000 |  941.493 |  119.047
 Randomize |  153 |    138 |   0.601 |   0.490 |   1.052 |   0.136 |       0.000 |       0.000 |  933.583 |  125.320
 Randomize |  154 |    121 |   0.653 |   0.476 |   1.039 |   0.131 |       0.000 |       0.000 |  933.748 |  125.546
 Randomize |  155 |    144 |   0.632 |   0.482 |   1.049 |   0.134 |       0.000 |       0.000 |  922.729 |  130.802
 Randomize |  156 |    131 |   0.634 |   0.482 |   1.050 |   0.127 |       0.000 |       0.000 |  923.668 |  130.659
 Randomize |  157 |    145 |   0.614 |   0.487 |   1.032 |   0.137 |       0.000 |       0.000 |  943.524 |  117.521
 Randomize |  158 |    133 |   0.579 |   0.494 |   1.063 |   0.134 |       0.000 |       0.000 |  922.308 |  131.731
 Randomize |  159 |    122 |   0.566 |   0.496 |   1.076 |   0.128 |       0.000 |       0.000 |  927.598 |  128.609
 Randomize |  160 |    141 |   0.589 |   0.492 |   1.046 |   0.142 |       0.000 |       0.000 |  929.415 |  127.051
 Randomize |  161 |    122 |   0.549 |   0.498 |   1.038 |   0.121 |       0.000 |       0.000 |  942.221 |  118.833
 Randomize |  162 |    135 |   0.637 |   0.481 |   1.035 |   0.123 |       0.000 |       0.000 |  952.174 |  110.697
 Randomize |  163 |    128 |   0.586 |   0.493 |   1.047 |   0.120 |       0.000 |       0.000 |  937.965 |  121.994
 Randomize |  164 |    117 |   0.573 |   0.495 |   1.044 |   0.126 |       0.000 |       0.000 |  929.543 |  127.434
 Randomize |  165 |    134 |   0.679 |   0.467 |   1.036 |   0.124 |       0.000 |       0.000 |  938.985 |  120.714
 Randomize |  166 |    126 |   0.587 |   0.492 |   1.066 |   0.141 |       0.000 |       0.000 |  917.516 |  134.676
 Randomize |  167 |    145 |   0.655 |   0.475 |   1.041 |   0.132 |       0.000 |       0.000 |  931.297 |  125.988
 Randomize |  168 |    131 |   0.618 |   0.486 |   1.040 |   0.121 |       0.000 |       0.000 |  936.992 |  122.826
 Randomize |  169 |    121 |   0.620 |   0.485 |   1.057 |   0.125 |       0.000 |       0.000 |  923.992 |  131.304
 Randomize |  170 |    137 |   0.642 |   0.479 |   1.067 |   0.127 |       0.000 |       0.000 |  937.891 |  121.846
 Randomize |  171 |    126 |   0.627 |   0.484 |   1.073 |   0.134 |       0.000 |       0.000 |  925.488 |  129.460
 Randomize |  172 |    142 |   0.599 |   0.490 |   1.054 |   0.121 |       0.000 |       0.000 |  944.215 |  117.249
 Randomize |  173 |    133 |   0.549 |   0.498 |   1.050 |   0.124 |       0.000 |       0.000 |  926.624 |  129.540
 Randomize |  174 |    122 |   0.672 |   0.469 |   1.076 |   0.117 |       0.000 |       0.000 |  909.951 |  138.064
 Randomize |  175 |    136 |   0.551 |   0.497 |   1.060 |   0.130 |       0.000 |       0.000 |  919.092 |  134.056
 Randomize |  176 |    117 |   0.598 |   0.490 |   1.073 |   0.122 |       0.000 |       0.000 |  929.222 |  128.001
 Randomize |  177 |    129 |   0.628 |   0.483 |   1.051 |   0.130 |       0.000 |       0.000 |  945.430 |  116.277
 Randomize |  178 |    116 |   0.578 |   0.494 |   1.042 |   0.124 |       0.000 |       0.000 |  947.690 |  113.424
 Randomize |  179 |    107 |   0.589 |   0.492 |   1.055 |   0.125 |       0.000 |       0.000 |  931.150 |  126.552
 Randomize |  180 |    128 |   0.594 |   0.491 |   1.056 |   0.128 |       0.000 |       0.000 |  919.258 |  133.319
 Randomize |  181 |    111 |   0.577 |   0.494 |   1.057 |   0.126 |       0.000 |       0.000 |  912.149 |  136.676
 Randomize |  182 |    132 |   0.606 |   0.489 |   1.055 |   0.121 |       0.000 |       0.000 |  912.852 |  136.173
 Randomize |  183 |    114 |   0.526 |   0.499 |   1.069 |   0.139 |       0.000 |       0.000 |  906.623 |  138.990
 Randomize |  184 |     92 |   0.674 |   0.469 |   1.058 |   0.128 |       0.000 |       0.000 |  938.598 |  122.356
 Randomize |  185 |    111 |   0.694 |   0.461 |   1.055 |   0.122 |       0.000 |       0.000 |  928.473 |  127.966
 Randomize |  186 |     98 |   0.531 |   0.499 |   1.046 |   0.117 |       0.000 |       0.000 |  939.301 |  121.887
 Randomize |  187 |    123 |   0.634 |   0.482 |   1.056 |   0.112 |       0.000 |       0.000 |  914.065 |  135.206
 Randomize |  188 |    102 |   0.529 |   0.499 |   1.058 |   0.127 |       0.000 |       0.000 |  936.500 |  123.027
 Randomize |  189 |     88 |   0.614 |   0.487 |   1.033 |   0.124 |       0.000 |       0.000 |  953.364 |  109.575
 Randomize |  190 |    107 |   0.636 |   0.481 |   1.032 |   0.132 |       0.000 |       0.000 |  934.005 |  124.648
 Randomize |  191 |     96 |   0.594 |   0.491 |   1.044 |   0.120 |       0.000 |       0.000 |  931.740 |  127.085
 Randomize |  192 |    111 |   0.613 |   0.487 |   1.048 |   0.123 |       0.000 |       0.000 |  949.977 |  112.311
 Randomize |  193 |    103 |   0.641 |   0.480 |   1.036 |   0.118 |       0.000 |       0.000 |  943.801 |  116.563
 Randomize |  194 |     95 |   0.663 |   0.473 |   1.037 |   0.114 |       0.000 |       0.000 |  938.021 |  122.000
 Randomize |  195 |    108 |   0.611 |   0.487 |   1.061 |   0.109 |       0.000 |       0.000 |  937.574 |  121.996
 Randomize |  196 |     99 |   0.545 |   0.498 |   1.057 |   0.118 |       0.000 |       0.000 |  937.854 |  121.745
 Randomize |  197 |    114 |   0.667 |   0.471 |   1.052 |   0.112 |       0.000 |       0.000 |  943.390 |  117.845
 Randomize |  198 |    105 |   0.571 |   0.495 |   1.053 |   0.117 |       0.000 |       0.000 |  941.552 |  118.948
 Randomize |  199 |     91 |   0.593 |   0.491 |   1.056 |   0.131 |       0.000 |       0.000 |  935.253 |  123.938
