Experiment Results - 20250810_211425
==================================================
n_online_list: [200]
n_runs: 1000
alpha: 0.4
M: 1000
==================================================

Per-t selection conditional statistics (mean/std across simulations):
    Method |    t |  Count | CovMean |  CovStd | LenMedian |  LenStd | InfFracMean |  InfFracStd |  CalMean |   CalStd
------------------------------------------------------------------------------------------------------
     Upper |    0 |   1000 |   1.000 |   0.000 |     inf |     nan |       1.000 |       0.000 |    0.000 |    0.000
     Upper |    1 |   1000 |   1.000 |   0.000 |     inf |     nan |       1.000 |       0.000 |    2.000 |    0.000
     Upper |    2 |    531 |   1.000 |   0.000 |     inf |     nan |       1.000 |       0.000 |    3.819 |    0.831
     Upper |    3 |    648 |   1.000 |   0.000 |     inf |     nan |       1.000 |       0.000 |   17.639 |    2.009
     Upper |    4 |    458 |   1.000 |   0.000 |     inf |     nan |       1.000 |       0.000 |   68.175 |   11.402
     Upper |    5 |    507 |   1.000 |   0.000 |     inf |     nan |       1.000 |       0.000 |  412.970 |   71.284
     Upper |    6 |    413 |   1.000 |   0.000 |     inf |     nan |       1.000 |       0.000 |  524.070 |  102.085
     Upper |    7 |    435 |   1.000 |   0.000 |     inf |     nan |       1.000 |       0.000 |  543.337 |   89.586
     Upper |    8 |    363 |   1.000 |   0.000 |     inf |     nan |       1.000 |       0.000 |  486.468 |  114.905
     Upper |    9 |    428 |   0.991 |   0.096 |     inf |     nan |       0.937 |       0.243 |  498.312 |  104.135
     Upper |   10 |    361 |   0.992 |   0.091 |     inf |     nan |       0.967 |       0.179 |  483.717 |   94.743
     Upper |   11 |    374 |   0.941 |   0.235 |     inf |     nan |       0.583 |       0.493 |  472.338 |  103.745
     Upper |   12 |    306 |   0.912 |   0.284 |     inf |     nan |       0.539 |       0.498 |  470.160 |   92.412
     Upper |   13 |    337 |   0.914 |   0.280 |   3.211 |     nan |       0.320 |       0.467 |  465.678 |   97.374
     Upper |   14 |    356 |   0.876 |   0.329 |   3.575 |     nan |       0.351 |       0.477 |  457.028 |   97.619
     Upper |   15 |    342 |   0.860 |   0.347 |   2.927 |     nan |       0.190 |       0.392 |  453.022 |  100.410
     Upper |   16 |    336 |   0.893 |   0.309 |   2.978 |     nan |       0.232 |       0.422 |  445.372 |  104.496
     Upper |   17 |    345 |   0.855 |   0.352 |   2.650 |     nan |       0.154 |       0.361 |  439.690 |  100.130
     Upper |   18 |    309 |   0.858 |   0.349 |   2.814 |     nan |       0.188 |       0.390 |  431.359 |  106.104
     Upper |   19 |    328 |   0.887 |   0.316 |   2.524 |     nan |       0.131 |       0.338 |  429.939 |  103.179
     Upper |   20 |    296 |   0.838 |   0.369 |   2.648 |     nan |       0.182 |       0.386 |  413.662 |  109.319
     Upper |   21 |    328 |   0.838 |   0.368 |   2.396 |     nan |       0.037 |       0.188 |  439.890 |   86.501
     Upper |   22 |    308 |   0.864 |   0.343 |   2.434 |     nan |       0.127 |       0.333 |  422.198 |  100.813
     Upper |   23 |    296 |   0.828 |   0.378 |   2.288 |     nan |       0.068 |       0.251 |  424.726 |  100.547
     Upper |   24 |    297 |   0.828 |   0.377 |   2.283 |     nan |       0.071 |       0.256 |  424.717 |   93.734
     Upper |   25 |    311 |   0.797 |   0.402 |   2.221 |     nan |       0.051 |       0.221 |  417.158 |   95.458
     Upper |   26 |    310 |   0.755 |   0.430 |   2.206 |     nan |       0.058 |       0.234 |  411.698 |   99.002
     Upper |   27 |    311 |   0.791 |   0.407 |   2.190 |     nan |       0.061 |       0.240 |  401.395 |  102.933
     Upper |   28 |    304 |   0.789 |   0.408 |   2.256 |     nan |       0.036 |       0.187 |  410.252 |   96.528
     Upper |   29 |    298 |   0.829 |   0.377 |   2.184 |     nan |       0.044 |       0.204 |  403.794 |   97.130
     Upper |   30 |    303 |   0.769 |   0.421 |   2.127 |     nan |       0.053 |       0.224 |  394.682 |  102.605
     Upper |   31 |    308 |   0.808 |   0.394 |   2.153 |     nan |       0.058 |       0.235 |  395.568 |  103.371
     Upper |   32 |    286 |   0.776 |   0.417 |   2.108 |     nan |       0.035 |       0.184 |  395.906 |   96.442
     Upper |   33 |    301 |   0.744 |   0.436 |   2.080 |     nan |       0.047 |       0.211 |  385.733 |  106.064
     Upper |   34 |    287 |   0.819 |   0.385 |   2.105 |     nan |       0.042 |       0.200 |  379.895 |  109.880
     Upper |   35 |    289 |   0.761 |   0.426 |   2.051 |     nan |       0.031 |       0.174 |  393.642 |   96.978
     Upper |   36 |    284 |   0.729 |   0.445 |   2.077 |     nan |       0.032 |       0.175 |  381.410 |   99.533
     Upper |   37 |    269 |   0.810 |   0.392 |   2.059 |     nan |       0.019 |       0.135 |  392.022 |   95.706
     Upper |   38 |    274 |   0.748 |   0.434 |   1.979 |     nan |       0.015 |       0.120 |  386.723 |   95.646
     Upper |   39 |    256 |   0.766 |   0.424 |   2.017 |     nan |       0.020 |       0.138 |  378.178 |  102.426
     Upper |   40 |    243 |   0.749 |   0.434 |   1.978 |     nan |       0.025 |       0.155 |  365.726 |  113.072
     Upper |   41 |    287 |   0.770 |   0.421 |   1.949 |     nan |       0.010 |       0.102 |  382.624 |   91.298
     Upper |   42 |    273 |   0.762 |   0.426 |   2.007 |     nan |       0.029 |       0.169 |  362.797 |  105.736
     Upper |   43 |    296 |   0.750 |   0.433 |   1.967 |     nan |       0.017 |       0.129 |  368.073 |   99.043
     Upper |   44 |    289 |   0.734 |   0.442 |   1.972 |     nan |       0.014 |       0.117 |  360.045 |  102.420
     Upper |   45 |    287 |   0.707 |   0.455 |   1.975 |     nan |       0.028 |       0.165 |  365.338 |  100.302
     Upper |   46 |    272 |   0.743 |   0.437 |   1.941 |     nan |       0.011 |       0.104 |  361.498 |   97.138
     Upper |   47 |    266 |   0.729 |   0.444 |   1.900 |     nan |       0.008 |       0.086 |  367.002 |   92.843
     Upper |   48 |    281 |   0.712 |   0.453 |   1.943 |     nan |       0.004 |       0.060 |  363.018 |   98.699
     Upper |   49 |    246 |   0.703 |   0.457 |   1.912 |     nan |       0.016 |       0.126 |  367.640 |   93.103
     Upper |   50 |    258 |   0.717 |   0.450 |   1.875 |     nan |       0.031 |       0.173 |  357.295 |  106.106
     Upper |   51 |    269 |   0.680 |   0.466 |   1.862 |     nan |       0.026 |       0.159 |  357.459 |  103.173
     Upper |   52 |    264 |   0.693 |   0.461 |   1.865 |     nan |       0.008 |       0.087 |  360.044 |   92.934
     Upper |   53 |    275 |   0.713 |   0.452 |   1.879 |     nan |       0.011 |       0.104 |  352.751 |   97.612
     Upper |   54 |    289 |   0.661 |   0.473 |   1.906 |     nan |       0.014 |       0.117 |  348.296 |  100.496
     Upper |   55 |    253 |   0.751 |   0.432 |   1.846 |   0.545 |       0.000 |       0.000 |  360.893 |   93.666
     Upper |   56 |    270 |   0.667 |   0.471 |   1.851 |     nan |       0.007 |       0.086 |  352.065 |   96.751
     Upper |   57 |    271 |   0.720 |   0.449 |   1.787 |     nan |       0.018 |       0.135 |  351.596 |   97.147
     Upper |   58 |    275 |   0.658 |   0.474 |   1.839 |     nan |       0.011 |       0.104 |  353.380 |   98.672
     Upper |   59 |    272 |   0.669 |   0.471 |   1.855 |     nan |       0.015 |       0.120 |  346.989 |  101.283
     Upper |   60 |    260 |   0.731 |   0.444 |   1.883 |     nan |       0.004 |       0.062 |  350.710 |   94.494
     Upper |   61 |    252 |   0.706 |   0.455 |   1.860 |     nan |       0.004 |       0.063 |  343.641 |   95.465
     Upper |   62 |    264 |   0.678 |   0.467 |   1.840 |     nan |       0.008 |       0.087 |  346.602 |   97.548
     Upper |   63 |    264 |   0.655 |   0.475 |   1.784 |     nan |       0.008 |       0.087 |  350.604 |   93.964
     Upper |   64 |    240 |   0.713 |   0.453 |   1.823 |     nan |       0.008 |       0.091 |  335.979 |  102.518
     Upper |   65 |    253 |   0.704 |   0.457 |   1.852 |     nan |       0.008 |       0.089 |  342.480 |  102.077
     Upper |   66 |    235 |   0.621 |   0.485 |   1.828 |   0.456 |       0.000 |       0.000 |  345.340 |   90.408
     Upper |   67 |    247 |   0.648 |   0.478 |   1.736 |     nan |       0.004 |       0.063 |  348.949 |   86.399
     Upper |   68 |    277 |   0.671 |   0.470 |   1.850 |     nan |       0.007 |       0.085 |  334.884 |   94.308
     Upper |   69 |    274 |   0.682 |   0.466 |   1.818 |     nan |       0.007 |       0.085 |  339.380 |   95.075
     Upper |   70 |    266 |   0.699 |   0.459 |   1.852 |     nan |       0.004 |       0.061 |  331.868 |   97.333
     Upper |   71 |    240 |   0.738 |   0.440 |   1.840 |   0.510 |       0.000 |       0.000 |  333.375 |   98.177
     Upper |   72 |    262 |   0.649 |   0.477 |   1.801 |     nan |       0.008 |       0.087 |  334.063 |   95.342
     Upper |   73 |    240 |   0.704 |   0.456 |   1.829 |     nan |       0.008 |       0.091 |  341.800 |   97.003
     Upper |   74 |    252 |   0.663 |   0.473 |   1.811 |     nan |       0.004 |       0.063 |  332.333 |   94.851
     Upper |   75 |    227 |   0.744 |   0.436 |   1.829 |     nan |       0.009 |       0.093 |  326.833 |  102.267
     Upper |   76 |    270 |   0.722 |   0.448 |   1.826 |     nan |       0.007 |       0.086 |  335.191 |   90.765
     Upper |   77 |    261 |   0.690 |   0.463 |   1.815 |     nan |       0.004 |       0.062 |  333.908 |   97.538
     Upper |   78 |    244 |   0.721 |   0.448 |   1.841 |   0.418 |       0.000 |       0.000 |  337.379 |   86.218
     Upper |   79 |    260 |   0.608 |   0.488 |   1.798 |     nan |       0.008 |       0.087 |  339.075 |   92.290
     Upper |   80 |    281 |   0.705 |   0.456 |   1.784 |   0.427 |       0.000 |       0.000 |  319.909 |   98.092
     Upper |   81 |    253 |   0.672 |   0.470 |   1.796 |     nan |       0.004 |       0.063 |  326.520 |   92.437
     Upper |   82 |    249 |   0.655 |   0.475 |   1.761 |     nan |       0.004 |       0.063 |  338.122 |   87.929
     Upper |   83 |    261 |   0.690 |   0.463 |   1.790 |     nan |       0.004 |       0.062 |  324.887 |   92.867
     Upper |   84 |    254 |   0.661 |   0.473 |   1.743 |     nan |       0.004 |       0.063 |  326.022 |   94.525
     Upper |   85 |    268 |   0.746 |   0.435 |   1.773 |     nan |       0.004 |       0.061 |  323.785 |   88.042
     Upper |   86 |    245 |   0.616 |   0.486 |   1.728 |     nan |       0.012 |       0.110 |  330.329 |   97.822
     Upper |   87 |    234 |   0.637 |   0.481 |   1.742 |   0.388 |       0.000 |       0.000 |  331.665 |   90.487
     Upper |   88 |    261 |   0.678 |   0.467 |   1.759 |   0.456 |       0.000 |       0.000 |  329.017 |   92.019
     Upper |   89 |    238 |   0.647 |   0.478 |   1.739 |   0.409 |       0.000 |       0.000 |  334.412 |   89.998
     Upper |   90 |    271 |   0.679 |   0.467 |   1.749 |     nan |       0.004 |       0.061 |  332.030 |   92.897
     Upper |   91 |    251 |   0.665 |   0.472 |   1.779 |   0.375 |       0.000 |       0.000 |  325.384 |   87.646
     Upper |   92 |    253 |   0.660 |   0.474 |   1.727 |     nan |       0.004 |       0.063 |  327.514 |   89.477
     Upper |   93 |    255 |   0.690 |   0.462 |   1.706 |   0.416 |       0.000 |       0.000 |  317.671 |   94.955
     Upper |   94 |    239 |   0.653 |   0.476 |   1.757 |   0.369 |       0.000 |       0.000 |  335.971 |   90.929
     Upper |   95 |    257 |   0.599 |   0.490 |   1.704 |   0.373 |       0.000 |       0.000 |  328.064 |   85.415
     Upper |   96 |    247 |   0.684 |   0.465 |   1.756 |   0.385 |       0.000 |       0.000 |  325.891 |   86.917
     Upper |   97 |    235 |   0.706 |   0.455 |   1.757 |     nan |       0.004 |       0.065 |  325.885 |   87.863
     Upper |   98 |    281 |   0.665 |   0.472 |   1.750 |     nan |       0.004 |       0.060 |  326.730 |   88.446
     Upper |   99 |    279 |   0.663 |   0.473 |   1.745 |   0.372 |       0.000 |       0.000 |  317.633 |   86.890
     Upper |  100 |    256 |   0.703 |   0.457 |   1.767 |   0.385 |       0.000 |       0.000 |  324.922 |   86.719
     Upper |  101 |    275 |   0.669 |   0.471 |   1.751 |   0.369 |       0.000 |       0.000 |  323.584 |   80.671
     Upper |  102 |    276 |   0.670 |   0.470 |   1.740 |   0.376 |       0.000 |       0.000 |  318.375 |   94.330
     Upper |  103 |    250 |   0.652 |   0.476 |   1.727 |     nan |       0.004 |       0.063 |  315.328 |   95.751
     Upper |  104 |    264 |   0.705 |   0.456 |   1.769 |     nan |       0.008 |       0.087 |  314.491 |   94.397
     Upper |  105 |    249 |   0.671 |   0.470 |   1.730 |   0.363 |       0.000 |       0.000 |  314.653 |   93.358
     Upper |  106 |    244 |   0.660 |   0.474 |   1.748 |   0.354 |       0.000 |       0.000 |  324.814 |   88.165
     Upper |  107 |    249 |   0.594 |   0.491 |   1.732 |     nan |       0.004 |       0.063 |  320.195 |   87.273
     Upper |  108 |    277 |   0.686 |   0.464 |   1.739 |     nan |       0.004 |       0.060 |  312.220 |   90.588
     Upper |  109 |    257 |   0.646 |   0.478 |   1.767 |   0.395 |       0.000 |       0.000 |  311.119 |   86.863
     Upper |  110 |    266 |   0.647 |   0.478 |   1.737 |   0.323 |       0.000 |       0.000 |  322.199 |   80.569
     Upper |  111 |    256 |   0.672 |   0.470 |   1.717 |     nan |       0.004 |       0.062 |  322.781 |   81.258
     Upper |  112 |    261 |   0.709 |   0.454 |   1.751 |     nan |       0.004 |       0.062 |  301.814 |   94.292
     Upper |  113 |    266 |   0.662 |   0.473 |   1.727 |   0.398 |       0.000 |       0.000 |  312.423 |   88.514
     Upper |  114 |    267 |   0.704 |   0.456 |   1.701 |   0.349 |       0.000 |       0.000 |  310.685 |   91.667
     Upper |  115 |    257 |   0.665 |   0.472 |   1.711 |   0.413 |       0.000 |       0.000 |  314.220 |   84.626
     Upper |  116 |    251 |   0.649 |   0.477 |   1.708 |   0.337 |       0.000 |       0.000 |  316.353 |   85.976
     Upper |  117 |    257 |   0.623 |   0.485 |   1.739 |   0.326 |       0.000 |       0.000 |  318.589 |   84.273
     Upper |  118 |    274 |   0.639 |   0.480 |   1.763 |   0.369 |       0.000 |       0.000 |  312.907 |   88.547
     Upper |  119 |    264 |   0.595 |   0.491 |   1.702 |   0.339 |       0.000 |       0.000 |  323.955 |   85.319
     Upper |  120 |    254 |   0.610 |   0.488 |   1.708 |     nan |       0.004 |       0.063 |  314.581 |   89.328
     Upper |  121 |    261 |   0.690 |   0.463 |   1.737 |   0.336 |       0.000 |       0.000 |  308.885 |   88.834
     Upper |  122 |    262 |   0.679 |   0.467 |   1.703 |   0.344 |       0.000 |       0.000 |  316.433 |   83.613
     Upper |  123 |    241 |   0.722 |   0.448 |   1.715 |   0.352 |       0.000 |       0.000 |  316.656 |   94.916
     Upper |  124 |    261 |   0.663 |   0.473 |   1.703 |   0.372 |       0.000 |       0.000 |  315.450 |   85.208
     Upper |  125 |    260 |   0.665 |   0.472 |   1.723 |   0.351 |       0.000 |       0.000 |  317.152 |   86.899
     Upper |  126 |    247 |   0.709 |   0.454 |   1.698 |   0.338 |       0.000 |       0.000 |  314.723 |   86.326
     Upper |  127 |    268 |   0.668 |   0.471 |   1.703 |   0.344 |       0.000 |       0.000 |  323.028 |   82.580
     Upper |  128 |    253 |   0.648 |   0.478 |   1.709 |   0.389 |       0.000 |       0.000 |  308.583 |   85.556
     Upper |  129 |    268 |   0.646 |   0.478 |   1.688 |   0.342 |       0.000 |       0.000 |  308.912 |   86.824
     Upper |  130 |    253 |   0.684 |   0.465 |   1.688 |   0.308 |       0.000 |       0.000 |  319.960 |   77.981
     Upper |  131 |    251 |   0.625 |   0.484 |   1.664 |   0.274 |       0.000 |       0.000 |  320.034 |   78.899
     Upper |  132 |    245 |   0.620 |   0.485 |   1.721 |   0.321 |       0.000 |       0.000 |  311.361 |   87.067
     Upper |  133 |    260 |   0.650 |   0.477 |   1.687 |   0.325 |       0.000 |       0.000 |  307.752 |   83.381
     Upper |  134 |    303 |   0.647 |   0.478 |   1.699 |   0.307 |       0.000 |       0.000 |  314.609 |   79.777
     Upper |  135 |    279 |   0.659 |   0.474 |   1.681 |   0.291 |       0.000 |       0.000 |  310.762 |   78.347
     Upper |  136 |    276 |   0.620 |   0.485 |   1.678 |   0.307 |       0.000 |       0.000 |  320.147 |   78.963
     Upper |  137 |    268 |   0.660 |   0.474 |   1.663 |   0.331 |       0.000 |       0.000 |  315.549 |   82.429
     Upper |  138 |    273 |   0.689 |   0.463 |   1.641 |   0.328 |       0.000 |       0.000 |  313.941 |   85.612
     Upper |  139 |    275 |   0.680 |   0.466 |   1.676 |     nan |       0.004 |       0.060 |  309.620 |   83.823
     Upper |  140 |    257 |   0.615 |   0.487 |   1.663 |   0.311 |       0.000 |       0.000 |  308.354 |   88.288
     Upper |  141 |    267 |   0.659 |   0.474 |   1.698 |   0.306 |       0.000 |       0.000 |  310.300 |   85.970
     Upper |  142 |    242 |   0.653 |   0.476 |   1.678 |     nan |       0.004 |       0.064 |  299.434 |   92.173
     Upper |  143 |    286 |   0.675 |   0.468 |   1.654 |   0.308 |       0.000 |       0.000 |  298.411 |   91.108
     Upper |  144 |    282 |   0.649 |   0.477 |   1.671 |   0.323 |       0.000 |       0.000 |  311.230 |   82.647
     Upper |  145 |    247 |   0.640 |   0.480 |   1.700 |   0.284 |       0.000 |       0.000 |  303.996 |   85.109
     Upper |  146 |    276 |   0.645 |   0.479 |   1.698 |     nan |       0.004 |       0.060 |  305.014 |   85.106
     Upper |  147 |    256 |   0.645 |   0.479 |   1.695 |   0.288 |       0.000 |       0.000 |  303.006 |   77.028
     Upper |  148 |    256 |   0.602 |   0.490 |   1.706 |   0.310 |       0.000 |       0.000 |  308.191 |   82.394
     Upper |  149 |    259 |   0.664 |   0.472 |   1.688 |   0.312 |       0.000 |       0.000 |  296.193 |   86.799
     Upper |  150 |    241 |   0.660 |   0.474 |   1.665 |   0.290 |       0.000 |       0.000 |  304.552 |   85.137
     Upper |  151 |    258 |   0.698 |   0.459 |   1.714 |     nan |       0.004 |       0.062 |  297.006 |   86.763
     Upper |  152 |    256 |   0.652 |   0.476 |   1.657 |   0.251 |       0.000 |       0.000 |  320.219 |   75.913
     Upper |  153 |    252 |   0.663 |   0.473 |   1.682 |   0.268 |       0.000 |       0.000 |  315.423 |   78.587
     Upper |  154 |    264 |   0.621 |   0.485 |   1.648 |   0.276 |       0.000 |       0.000 |  317.371 |   78.753
     Upper |  155 |    251 |   0.709 |   0.454 |   1.680 |   0.278 |       0.000 |       0.000 |  309.721 |   82.600
     Upper |  156 |    255 |   0.690 |   0.462 |   1.669 |   0.300 |       0.000 |       0.000 |  308.398 |   83.583
     Upper |  157 |    298 |   0.658 |   0.474 |   1.679 |   0.270 |       0.000 |       0.000 |  309.879 |   79.504
     Upper |  158 |    266 |   0.628 |   0.483 |   1.683 |   0.247 |       0.000 |       0.000 |  312.162 |   77.005
     Upper |  159 |    267 |   0.607 |   0.488 |   1.695 |   0.339 |       0.000 |       0.000 |  303.571 |   84.401
     Upper |  160 |    263 |   0.673 |   0.469 |   1.684 |   0.263 |       0.000 |       0.000 |  311.087 |   79.204
     Upper |  161 |    255 |   0.627 |   0.483 |   1.659 |   0.295 |       0.000 |       0.000 |  306.555 |   84.061
     Upper |  162 |    278 |   0.669 |   0.471 |   1.677 |   0.266 |       0.000 |       0.000 |  303.149 |   79.456
     Upper |  163 |    265 |   0.664 |   0.472 |   1.668 |   0.252 |       0.000 |       0.000 |  313.108 |   80.817
     Upper |  164 |    256 |   0.668 |   0.471 |   1.669 |   0.278 |       0.000 |       0.000 |  304.320 |   80.090
     Upper |  165 |    259 |   0.660 |   0.474 |   1.661 |   0.271 |       0.000 |       0.000 |  303.340 |   82.127
     Upper |  166 |    252 |   0.639 |   0.480 |   1.666 |   0.265 |       0.000 |       0.000 |  302.524 |   79.956
     Upper |  167 |    255 |   0.671 |   0.470 |   1.637 |   0.297 |       0.000 |       0.000 |  306.447 |   89.787
     Upper |  168 |    241 |   0.635 |   0.481 |   1.647 |   0.244 |       0.000 |       0.000 |  310.786 |   82.242
     Upper |  169 |    257 |   0.623 |   0.485 |   1.670 |   0.254 |       0.000 |       0.000 |  306.807 |   80.339
     Upper |  170 |    262 |   0.718 |   0.450 |   1.672 |   0.247 |       0.000 |       0.000 |  303.639 |   75.094
     Upper |  171 |    265 |   0.687 |   0.464 |   1.664 |   0.296 |       0.000 |       0.000 |  302.755 |   84.090
     Upper |  172 |    256 |   0.656 |   0.475 |   1.668 |   0.255 |       0.000 |       0.000 |  300.828 |   87.492
     Upper |  173 |    264 |   0.606 |   0.489 |   1.645 |   0.262 |       0.000 |       0.000 |  293.786 |   84.441
     Upper |  174 |    285 |   0.656 |   0.475 |   1.685 |     nan |       0.004 |       0.059 |  301.760 |   84.417
     Upper |  175 |    248 |   0.617 |   0.486 |   1.665 |   0.282 |       0.000 |       0.000 |  309.387 |   81.635
     Upper |  176 |    257 |   0.669 |   0.470 |   1.659 |   0.269 |       0.000 |       0.000 |  312.290 |   81.453
     Upper |  177 |    238 |   0.647 |   0.478 |   1.663 |   0.241 |       0.000 |       0.000 |  315.002 |   74.783
     Upper |  178 |    250 |   0.644 |   0.479 |   1.692 |   0.272 |       0.000 |       0.000 |  305.414 |   82.430
     Upper |  179 |    281 |   0.609 |   0.488 |   1.679 |   0.246 |       0.000 |       0.000 |  301.411 |   81.492
     Upper |  180 |    243 |   0.638 |   0.481 |   1.680 |   0.243 |       0.000 |       0.000 |  299.224 |   83.898
     Upper |  181 |    258 |   0.655 |   0.475 |   1.651 |   0.280 |       0.000 |       0.000 |  303.649 |   81.696
     Upper |  182 |    249 |   0.643 |   0.479 |   1.643 |   0.285 |       0.000 |       0.000 |  304.082 |   77.765
     Upper |  183 |    265 |   0.570 |   0.495 |   1.641 |   0.261 |       0.000 |       0.000 |  299.732 |   75.896
     Upper |  184 |    263 |   0.688 |   0.463 |   1.680 |     nan |       0.004 |       0.062 |  299.806 |   85.473
     Upper |  185 |    233 |   0.657 |   0.475 |   1.659 |   0.260 |       0.000 |       0.000 |  298.290 |   83.119
     Upper |  186 |    245 |   0.608 |   0.488 |   1.660 |   0.255 |       0.000 |       0.000 |  302.004 |   86.980
     Upper |  187 |    233 |   0.639 |   0.480 |   1.639 |   0.275 |       0.000 |       0.000 |  304.620 |   76.782
     Upper |  188 |    251 |   0.614 |   0.487 |   1.654 |   0.233 |       0.000 |       0.000 |  304.825 |   82.959
     Upper |  189 |    255 |   0.639 |   0.480 |   1.670 |   0.234 |       0.000 |       0.000 |  298.049 |   84.782
     Upper |  190 |    253 |   0.640 |   0.480 |   1.680 |   0.256 |       0.000 |       0.000 |  292.791 |   83.406
     Upper |  191 |    232 |   0.603 |   0.489 |   1.667 |   0.256 |       0.000 |       0.000 |  296.968 |   83.136
     Upper |  192 |    247 |   0.664 |   0.472 |   1.658 |     nan |       0.004 |       0.063 |  300.192 |   82.085
     Upper |  193 |    255 |   0.690 |   0.462 |   1.656 |   0.251 |       0.000 |       0.000 |  295.786 |   82.276
     Upper |  194 |    266 |   0.680 |   0.466 |   1.655 |   0.240 |       0.000 |       0.000 |  302.831 |   78.680
     Upper |  195 |    240 |   0.646 |   0.478 |   1.641 |   0.269 |       0.000 |       0.000 |  298.281 |   80.947
     Upper |  196 |    254 |   0.602 |   0.489 |   1.673 |   0.240 |       0.000 |       0.000 |  302.717 |   70.991
     Upper |  197 |    256 |   0.637 |   0.481 |   1.655 |   0.257 |       0.000 |       0.000 |  304.406 |   79.714
     Upper |  198 |    244 |   0.607 |   0.489 |   1.602 |   0.233 |       0.000 |       0.000 |  302.412 |   81.430
     Upper |  199 |    259 |   0.633 |   0.482 |   1.657 |   0.266 |       0.000 |       0.000 |  299.589 |   78.818
 Randomize |    0 |   1000 |   1.000 |   0.000 |     inf |     nan |       1.000 |       0.000 |    0.000 |    0.000
 Randomize |    1 |   1000 |   0.903 |   0.296 |     inf |     nan |       0.963 |       0.189 |    2.000 |    0.000
 Randomize |    2 |    531 |   0.879 |   0.326 |     inf |     nan |       0.923 |       0.267 |    3.819 |    0.831
 Randomize |    3 |    648 |   0.804 |   0.397 |     inf |     nan |       0.775 |       0.418 |   17.639 |    2.009
 Randomize |    4 |    458 |   0.762 |   0.426 |     inf |     nan |       0.712 |       0.453 |   68.175 |   11.402
 Randomize |    5 |    507 |   0.742 |   0.438 |     inf |     nan |       0.600 |       0.490 |  412.970 |   71.284
 Randomize |    6 |    413 |   0.746 |   0.435 |     inf |     nan |       0.620 |       0.485 |  523.935 |  101.997
 Randomize |    7 |    435 |   0.756 |   0.429 |   2.500 |     nan |       0.395 |       0.489 |  543.332 |   89.640
 Randomize |    8 |    363 |   0.749 |   0.433 |   3.791 |     nan |       0.488 |       0.500 |  486.300 |  114.911
 Randomize |    9 |    428 |   0.701 |   0.458 |   2.147 |     nan |       0.271 |       0.444 |  498.299 |  104.169
 Randomize |   10 |    361 |   0.715 |   0.452 |   2.282 |     nan |       0.294 |       0.455 |  483.781 |   94.915
 Randomize |   11 |    374 |   0.717 |   0.451 |   1.974 |     nan |       0.139 |       0.346 |  472.344 |  103.752
 Randomize |   12 |    306 |   0.696 |   0.460 |   2.097 |     nan |       0.154 |       0.361 |  470.389 |   92.474
 Randomize |   13 |    337 |   0.739 |   0.439 |   1.831 |     nan |       0.077 |       0.267 |  465.653 |   97.324
 Randomize |   14 |    356 |   0.643 |   0.479 |   1.918 |     nan |       0.112 |       0.316 |  457.079 |   97.667
 Randomize |   15 |    342 |   0.655 |   0.475 |   1.842 |     nan |       0.064 |       0.245 |  452.933 |  100.491
 Randomize |   16 |    336 |   0.714 |   0.452 |   1.871 |     nan |       0.080 |       0.272 |  445.324 |  104.465
 Randomize |   17 |    345 |   0.704 |   0.456 |   1.751 |     nan |       0.058 |       0.234 |  439.655 |  100.036
 Randomize |   18 |    309 |   0.693 |   0.461 |   1.833 |     nan |       0.081 |       0.273 |  431.256 |  105.988
 Randomize |   19 |    328 |   0.723 |   0.448 |   1.747 |     nan |       0.030 |       0.172 |  429.901 |  103.174
 Randomize |   20 |    296 |   0.693 |   0.461 |   1.834 |     nan |       0.064 |       0.245 |  413.595 |  109.330
 Randomize |   21 |    328 |   0.692 |   0.462 |   1.737 |     nan |       0.015 |       0.123 |  440.047 |   86.846
 Randomize |   22 |    308 |   0.692 |   0.462 |   1.848 |     nan |       0.039 |       0.194 |  421.919 |  100.571
 Randomize |   23 |    296 |   0.676 |   0.468 |   1.759 |     nan |       0.017 |       0.129 |  424.480 |  100.344
 Randomize |   24 |    297 |   0.680 |   0.466 |   1.737 |     nan |       0.024 |       0.152 |  424.623 |   93.671
 Randomize |   25 |    311 |   0.637 |   0.481 |   1.698 |     nan |       0.016 |       0.126 |  417.273 |   95.456
 Randomize |   26 |    310 |   0.632 |   0.482 |   1.685 |     nan |       0.026 |       0.159 |  411.634 |   99.008
 Randomize |   27 |    311 |   0.650 |   0.477 |   1.714 |     nan |       0.023 |       0.148 |  401.487 |  103.061
 Randomize |   28 |    304 |   0.655 |   0.475 |   1.737 |     nan |       0.010 |       0.099 |  410.201 |   96.500
 Randomize |   29 |    298 |   0.698 |   0.459 |   1.671 |     nan |       0.003 |       0.058 |  403.559 |   97.027
 Randomize |   30 |    303 |   0.630 |   0.483 |   1.626 |     nan |       0.007 |       0.081 |  394.761 |  102.529
 Randomize |   31 |    308 |   0.672 |   0.469 |   1.718 |     nan |       0.026 |       0.159 |  395.420 |  103.301
 Randomize |   32 |    286 |   0.657 |   0.475 |   1.662 |     nan |       0.010 |       0.102 |  395.888 |   96.477
 Randomize |   33 |    301 |   0.628 |   0.483 |   1.715 |     nan |       0.017 |       0.128 |  385.510 |  105.995
 Randomize |   34 |    287 |   0.690 |   0.463 |   1.718 |     nan |       0.017 |       0.131 |  379.997 |  109.982
 Randomize |   35 |    289 |   0.640 |   0.480 |   1.651 |     nan |       0.014 |       0.117 |  393.606 |   96.922
 Randomize |   36 |    284 |   0.609 |   0.488 |   1.706 |     nan |       0.007 |       0.084 |  381.569 |   99.577
 Randomize |   37 |    269 |   0.729 |   0.445 |   1.736 |     nan |       0.011 |       0.105 |  392.052 |   95.717
 Randomize |   38 |    274 |   0.642 |   0.479 |   1.678 |     nan |       0.007 |       0.085 |  386.719 |   95.524
 Randomize |   39 |    256 |   0.656 |   0.475 |   1.649 |     nan |       0.004 |       0.062 |  378.170 |  102.566
 Randomize |   40 |    243 |   0.658 |   0.474 |   1.623 |     nan |       0.008 |       0.090 |  365.601 |  113.079
 Randomize |   41 |    287 |   0.693 |   0.461 |   1.607 |     nan |       0.003 |       0.059 |  382.524 |   91.217
 Randomize |   42 |    273 |   0.667 |   0.471 |   1.634 |     nan |       0.015 |       0.120 |  362.872 |  105.659
 Randomize |   43 |    296 |   0.659 |   0.474 |   1.613 |     nan |       0.010 |       0.100 |  367.985 |   98.990
 Randomize |   44 |    289 |   0.654 |   0.476 |   1.651 |     nan |       0.003 |       0.059 |  360.016 |  102.431
 Randomize |   45 |    287 |   0.613 |   0.487 |   1.646 |     nan |       0.010 |       0.102 |  365.204 |  100.160
 Randomize |   46 |    272 |   0.636 |   0.481 |   1.661 |   0.519 |       0.000 |       0.000 |  361.721 |   97.206
 Randomize |   47 |    266 |   0.632 |   0.482 |   1.621 |   0.461 |       0.000 |       0.000 |  367.068 |   93.036
 Randomize |   48 |    281 |   0.633 |   0.482 |   1.659 |   0.543 |       0.000 |       0.000 |  362.950 |   98.708
 Randomize |   49 |    246 |   0.598 |   0.490 |   1.624 |     nan |       0.008 |       0.090 |  367.524 |   93.224
 Randomize |   50 |    258 |   0.593 |   0.491 |   1.616 |     nan |       0.008 |       0.088 |  357.233 |  106.208
 Randomize |   51 |    269 |   0.572 |   0.495 |   1.558 |   0.498 |       0.000 |       0.000 |  357.658 |  103.156
 Randomize |   52 |    264 |   0.625 |   0.484 |   1.606 |   0.437 |       0.000 |       0.000 |  359.839 |   93.025
 Randomize |   53 |    275 |   0.636 |   0.481 |   1.545 |     nan |       0.004 |       0.060 |  352.895 |   97.617
 Randomize |   54 |    289 |   0.581 |   0.493 |   1.633 |     nan |       0.003 |       0.059 |  348.144 |  100.586
 Randomize |   55 |    253 |   0.652 |   0.476 |   1.596 |   0.454 |       0.000 |       0.000 |  360.761 |   93.581
 Randomize |   56 |    270 |   0.600 |   0.490 |   1.564 |   0.432 |       0.000 |       0.000 |  352.230 |   96.768
 Randomize |   57 |    271 |   0.664 |   0.472 |   1.548 |     nan |       0.004 |       0.061 |  351.461 |   97.011
 Randomize |   58 |    275 |   0.596 |   0.491 |   1.587 |   0.429 |       0.000 |       0.000 |  353.256 |   98.791
 Randomize |   59 |    272 |   0.618 |   0.486 |   1.591 |     nan |       0.004 |       0.061 |  346.954 |  101.480
 Randomize |   60 |    260 |   0.662 |   0.473 |   1.617 |   0.436 |       0.000 |       0.000 |  350.700 |   94.607
 Randomize |   61 |    252 |   0.643 |   0.479 |   1.605 |     nan |       0.004 |       0.063 |  343.657 |   95.412
 Randomize |   62 |    264 |   0.580 |   0.494 |   1.579 |     nan |       0.008 |       0.087 |  346.420 |   97.626
 Randomize |   63 |    264 |   0.606 |   0.489 |   1.555 |   0.389 |       0.000 |       0.000 |  350.727 |   93.923
 Randomize |   64 |    240 |   0.621 |   0.485 |   1.596 |   0.421 |       0.000 |       0.000 |  335.942 |  102.698
 Randomize |   65 |    253 |   0.672 |   0.470 |   1.619 |   0.448 |       0.000 |       0.000 |  342.346 |  102.016
 Randomize |   66 |    235 |   0.553 |   0.497 |   1.557 |   0.365 |       0.000 |       0.000 |  345.443 |   90.065
 Randomize |   67 |    247 |   0.599 |   0.490 |   1.523 |   0.363 |       0.000 |       0.000 |  348.935 |   86.461
 Randomize |   68 |    277 |   0.588 |   0.492 |   1.610 |     nan |       0.004 |       0.060 |  334.832 |   94.407
 Randomize |   69 |    274 |   0.635 |   0.481 |   1.595 |   0.410 |       0.000 |       0.000 |  339.223 |   95.016
 Randomize |   70 |    266 |   0.624 |   0.484 |   1.633 |     nan |       0.004 |       0.061 |  332.081 |   97.333
 Randomize |   71 |    240 |   0.671 |   0.470 |   1.602 |   0.401 |       0.000 |       0.000 |  333.456 |   98.170
 Randomize |   72 |    262 |   0.573 |   0.495 |   1.593 |     nan |       0.008 |       0.087 |  333.876 |   95.262
 Randomize |   73 |    240 |   0.613 |   0.487 |   1.586 |     nan |       0.008 |       0.091 |  341.752 |   96.686
 Randomize |   74 |    252 |   0.595 |   0.491 |   1.634 |     nan |       0.004 |       0.063 |  332.534 |   94.861
 Randomize |   75 |    227 |   0.683 |   0.465 |   1.612 |   0.431 |       0.000 |       0.000 |  326.758 |  102.390
 Randomize |   76 |    270 |   0.685 |   0.464 |   1.625 |     nan |       0.004 |       0.061 |  335.300 |   90.933
 Randomize |   77 |    261 |   0.640 |   0.480 |   1.626 |   0.371 |       0.000 |       0.000 |  333.789 |   97.275
 Randomize |   78 |    244 |   0.668 |   0.471 |   1.604 |   0.379 |       0.000 |       0.000 |  337.303 |   86.138
 Randomize |   79 |    260 |   0.577 |   0.494 |   1.612 |     nan |       0.008 |       0.087 |  339.183 |   92.105
 Randomize |   80 |    281 |   0.637 |   0.481 |   1.553 |   0.368 |       0.000 |       0.000 |  319.970 |   98.090
 Randomize |   81 |    253 |   0.628 |   0.483 |   1.616 |   0.357 |       0.000 |       0.000 |  326.457 |   92.314
 Randomize |   82 |    249 |   0.610 |   0.488 |   1.546 |   0.362 |       0.000 |       0.000 |  338.311 |   88.039
 Randomize |   83 |    261 |   0.628 |   0.483 |   1.602 |   0.395 |       0.000 |       0.000 |  324.695 |   92.732
 Randomize |   84 |    254 |   0.606 |   0.489 |   1.529 |   0.391 |       0.000 |       0.000 |  326.130 |   94.713
 Randomize |   85 |    268 |   0.690 |   0.462 |   1.591 |   0.353 |       0.000 |       0.000 |  323.741 |   88.048
 Randomize |   86 |    245 |   0.559 |   0.496 |   1.560 |     nan |       0.004 |       0.064 |  330.496 |   98.013
 Randomize |   87 |    234 |   0.585 |   0.493 |   1.568 |   0.344 |       0.000 |       0.000 |  331.474 |   90.305
 Randomize |   88 |    261 |   0.621 |   0.485 |   1.588 |   0.377 |       0.000 |       0.000 |  328.847 |   91.865
 Randomize |   89 |    238 |   0.618 |   0.486 |   1.537 |   0.345 |       0.000 |       0.000 |  334.500 |   90.024
 Randomize |   90 |    271 |   0.631 |   0.483 |   1.569 |   0.338 |       0.000 |       0.000 |  331.817 |   92.977
 Randomize |   91 |    251 |   0.598 |   0.490 |   1.592 |   0.322 |       0.000 |       0.000 |  325.353 |   87.712
 Randomize |   92 |    253 |   0.617 |   0.486 |   1.568 |   0.322 |       0.000 |       0.000 |  327.423 |   89.477
 Randomize |   93 |    255 |   0.624 |   0.485 |   1.517 |   0.344 |       0.000 |       0.000 |  317.557 |   94.764
 Randomize |   94 |    239 |   0.594 |   0.491 |   1.600 |   0.340 |       0.000 |       0.000 |  335.918 |   91.016
 Randomize |   95 |    257 |   0.572 |   0.495 |   1.539 |   0.305 |       0.000 |       0.000 |  328.167 |   85.413
 Randomize |   96 |    247 |   0.640 |   0.480 |   1.579 |   0.333 |       0.000 |       0.000 |  326.008 |   86.779
 Randomize |   97 |    235 |   0.660 |   0.474 |   1.597 |   0.321 |       0.000 |       0.000 |  326.051 |   87.638
 Randomize |   98 |    281 |   0.612 |   0.487 |   1.602 |     nan |       0.004 |       0.060 |  326.767 |   88.456
 Randomize |   99 |    279 |   0.624 |   0.484 |   1.573 |   0.344 |       0.000 |       0.000 |  317.713 |   86.863
 Randomize |  100 |    256 |   0.637 |   0.481 |   1.615 |   0.344 |       0.000 |       0.000 |  324.859 |   86.823
 Randomize |  101 |    275 |   0.618 |   0.486 |   1.578 |   0.315 |       0.000 |       0.000 |  323.611 |   80.690
 Randomize |  102 |    276 |   0.623 |   0.485 |   1.567 |   0.319 |       0.000 |       0.000 |  318.399 |   94.241
 Randomize |  103 |    250 |   0.616 |   0.486 |   1.555 |   0.345 |       0.000 |       0.000 |  315.308 |   95.839
 Randomize |  104 |    264 |   0.633 |   0.482 |   1.601 |   0.322 |       0.000 |       0.000 |  314.519 |   94.504
 Randomize |  105 |    249 |   0.618 |   0.486 |   1.570 |   0.314 |       0.000 |       0.000 |  314.745 |   93.353
 Randomize |  106 |    244 |   0.623 |   0.485 |   1.593 |   0.329 |       0.000 |       0.000 |  324.816 |   88.227
 Randomize |  107 |    249 |   0.562 |   0.496 |   1.586 |   0.327 |       0.000 |       0.000 |  320.341 |   87.200
 Randomize |  108 |    277 |   0.657 |   0.475 |   1.575 |   0.315 |       0.000 |       0.000 |  312.170 |   90.869
 Randomize |  109 |    257 |   0.611 |   0.488 |   1.647 |   0.338 |       0.000 |       0.000 |  311.045 |   86.709
 Randomize |  110 |    266 |   0.590 |   0.492 |   1.603 |   0.305 |       0.000 |       0.000 |  322.224 |   80.612
 Randomize |  111 |    256 |   0.621 |   0.485 |   1.620 |     nan |       0.004 |       0.062 |  322.920 |   81.398
 Randomize |  112 |    261 |   0.651 |   0.477 |   1.612 |   0.353 |       0.000 |       0.000 |  301.812 |   94.210
 Randomize |  113 |    266 |   0.643 |   0.479 |   1.568 |   0.304 |       0.000 |       0.000 |  312.577 |   88.366
 Randomize |  114 |    267 |   0.678 |   0.467 |   1.561 |   0.318 |       0.000 |       0.000 |  310.569 |   91.373
 Randomize |  115 |    257 |   0.646 |   0.478 |   1.570 |   0.377 |       0.000 |       0.000 |  314.115 |   84.691
 Randomize |  116 |    251 |   0.606 |   0.489 |   1.570 |   0.294 |       0.000 |       0.000 |  316.657 |   86.038
 Randomize |  117 |    257 |   0.584 |   0.493 |   1.580 |   0.296 |       0.000 |       0.000 |  318.533 |   84.441
 Randomize |  118 |    274 |   0.613 |   0.487 |   1.619 |   0.297 |       0.000 |       0.000 |  312.816 |   88.630
 Randomize |  119 |    264 |   0.542 |   0.498 |   1.577 |   0.293 |       0.000 |       0.000 |  324.008 |   85.486
 Randomize |  120 |    254 |   0.587 |   0.492 |   1.605 |   0.278 |       0.000 |       0.000 |  314.435 |   89.330
 Randomize |  121 |    261 |   0.632 |   0.482 |   1.582 |   0.284 |       0.000 |       0.000 |  308.916 |   88.789
 Randomize |  122 |    262 |   0.660 |   0.474 |   1.573 |   0.308 |       0.000 |       0.000 |  316.300 |   83.597
 Randomize |  123 |    241 |   0.672 |   0.469 |   1.572 |   0.280 |       0.000 |       0.000 |  316.849 |   95.227
 Randomize |  124 |    261 |   0.617 |   0.486 |   1.566 |   0.312 |       0.000 |       0.000 |  315.356 |   85.139
 Randomize |  125 |    260 |   0.635 |   0.482 |   1.590 |   0.310 |       0.000 |       0.000 |  317.215 |   86.873
 Randomize |  126 |    247 |   0.664 |   0.472 |   1.607 |   0.293 |       0.000 |       0.000 |  314.636 |   86.225
 Randomize |  127 |    268 |   0.616 |   0.486 |   1.593 |   0.299 |       0.000 |       0.000 |  323.007 |   82.514
 Randomize |  128 |    253 |   0.609 |   0.488 |   1.574 |   0.314 |       0.000 |       0.000 |  308.591 |   85.472
 Randomize |  129 |    268 |   0.612 |   0.487 |   1.575 |   0.307 |       0.000 |       0.000 |  308.843 |   86.732
 Randomize |  130 |    253 |   0.640 |   0.480 |   1.549 |   0.270 |       0.000 |       0.000 |  319.947 |   77.897
 Randomize |  131 |    251 |   0.582 |   0.493 |   1.563 |   0.259 |       0.000 |       0.000 |  320.028 |   79.070
 Randomize |  132 |    245 |   0.584 |   0.493 |   1.604 |   0.297 |       0.000 |       0.000 |  311.467 |   86.895
 Randomize |  133 |    260 |   0.619 |   0.486 |   1.564 |   0.279 |       0.000 |       0.000 |  308.131 |   83.675
 Randomize |  134 |    303 |   0.614 |   0.487 |   1.572 |   0.280 |       0.000 |       0.000 |  314.536 |   80.050
 Randomize |  135 |    279 |   0.627 |   0.484 |   1.571 |   0.268 |       0.000 |       0.000 |  310.733 |   78.417
 Randomize |  136 |    276 |   0.591 |   0.492 |   1.563 |   0.262 |       0.000 |       0.000 |  320.234 |   78.806
 Randomize |  137 |    268 |   0.634 |   0.482 |   1.563 |   0.296 |       0.000 |       0.000 |  315.674 |   82.446
 Randomize |  138 |    273 |   0.659 |   0.474 |   1.529 |   0.286 |       0.000 |       0.000 |  314.022 |   85.491
 Randomize |  139 |    275 |   0.629 |   0.483 |   1.596 |   0.292 |       0.000 |       0.000 |  309.707 |   83.845
 Randomize |  140 |    257 |   0.568 |   0.495 |   1.557 |   0.276 |       0.000 |       0.000 |  308.387 |   88.241
 Randomize |  141 |    267 |   0.629 |   0.483 |   1.564 |   0.277 |       0.000 |       0.000 |  310.247 |   86.037
 Randomize |  142 |    242 |   0.616 |   0.486 |   1.573 |     nan |       0.004 |       0.064 |  299.595 |   92.272
 Randomize |  143 |    286 |   0.633 |   0.482 |   1.561 |   0.288 |       0.000 |       0.000 |  298.540 |   91.209
 Randomize |  144 |    282 |   0.610 |   0.488 |   1.565 |   0.267 |       0.000 |       0.000 |  311.218 |   82.587
 Randomize |  145 |    247 |   0.591 |   0.492 |   1.568 |   0.246 |       0.000 |       0.000 |  304.010 |   85.103
 Randomize |  146 |    276 |   0.605 |   0.489 |   1.556 |     nan |       0.004 |       0.060 |  305.107 |   85.213
 Randomize |  147 |    256 |   0.602 |   0.490 |   1.578 |   0.254 |       0.000 |       0.000 |  302.865 |   77.003
 Randomize |  148 |    256 |   0.551 |   0.497 |   1.578 |   0.263 |       0.000 |       0.000 |  308.258 |   82.475
 Randomize |  149 |    259 |   0.641 |   0.480 |   1.585 |   0.261 |       0.000 |       0.000 |  296.168 |   86.859
 Randomize |  150 |    241 |   0.610 |   0.488 |   1.578 |   0.260 |       0.000 |       0.000 |  304.434 |   85.062
 Randomize |  151 |    258 |   0.655 |   0.475 |   1.588 |     nan |       0.004 |       0.062 |  296.957 |   86.857
 Randomize |  152 |    256 |   0.633 |   0.482 |   1.575 |   0.227 |       0.000 |       0.000 |  320.449 |   75.946
 Randomize |  153 |    252 |   0.643 |   0.479 |   1.586 |   0.256 |       0.000 |       0.000 |  315.565 |   78.654
 Randomize |  154 |    264 |   0.602 |   0.489 |   1.560 |   0.254 |       0.000 |       0.000 |  317.309 |   78.770
 Randomize |  155 |    251 |   0.669 |   0.470 |   1.578 |   0.256 |       0.000 |       0.000 |  309.566 |   82.785
 Randomize |  156 |    255 |   0.647 |   0.478 |   1.561 |   0.274 |       0.000 |       0.000 |  308.292 |   83.639
 Randomize |  157 |    298 |   0.628 |   0.483 |   1.573 |   0.257 |       0.000 |       0.000 |  309.745 |   79.393
 Randomize |  158 |    266 |   0.590 |   0.492 |   1.595 |   0.232 |       0.000 |       0.000 |  312.126 |   77.012
 Randomize |  159 |    267 |   0.592 |   0.492 |   1.596 |   0.295 |       0.000 |       0.000 |  303.509 |   84.324
 Randomize |  160 |    263 |   0.635 |   0.481 |   1.569 |   0.251 |       0.000 |       0.000 |  311.253 |   79.029
 Randomize |  161 |    255 |   0.608 |   0.488 |   1.559 |   0.272 |       0.000 |       0.000 |  306.518 |   84.156
 Randomize |  162 |    278 |   0.651 |   0.477 |   1.574 |   0.236 |       0.000 |       0.000 |  303.304 |   79.232
 Randomize |  163 |    265 |   0.623 |   0.485 |   1.575 |   0.237 |       0.000 |       0.000 |  313.038 |   80.747
 Randomize |  164 |    256 |   0.629 |   0.483 |   1.581 |   0.260 |       0.000 |       0.000 |  304.359 |   80.176
 Randomize |  165 |    259 |   0.633 |   0.482 |   1.571 |   0.251 |       0.000 |       0.000 |  303.398 |   81.990
 Randomize |  166 |    252 |   0.619 |   0.486 |   1.551 |   0.236 |       0.000 |       0.000 |  302.560 |   80.135
 Randomize |  167 |    255 |   0.635 |   0.481 |   1.557 |   0.263 |       0.000 |       0.000 |  306.498 |   89.699
 Randomize |  168 |    241 |   0.606 |   0.489 |   1.553 |   0.228 |       0.000 |       0.000 |  310.830 |   82.306
 Randomize |  169 |    257 |   0.591 |   0.492 |   1.585 |   0.245 |       0.000 |       0.000 |  306.811 |   80.253
 Randomize |  170 |    262 |   0.683 |   0.465 |   1.572 |   0.238 |       0.000 |       0.000 |  303.677 |   74.945
 Randomize |  171 |    265 |   0.649 |   0.477 |   1.580 |   0.256 |       0.000 |       0.000 |  302.655 |   83.946
 Randomize |  172 |    256 |   0.625 |   0.484 |   1.548 |   0.243 |       0.000 |       0.000 |  300.844 |   87.316
 Randomize |  173 |    264 |   0.572 |   0.495 |   1.539 |   0.236 |       0.000 |       0.000 |  293.650 |   84.422
 Randomize |  174 |    285 |   0.614 |   0.487 |   1.590 |   0.258 |       0.000 |       0.000 |  301.758 |   84.362
 Randomize |  175 |    248 |   0.581 |   0.493 |   1.575 |   0.253 |       0.000 |       0.000 |  309.452 |   81.639
 Randomize |  176 |    257 |   0.642 |   0.479 |   1.583 |   0.243 |       0.000 |       0.000 |  312.200 |   81.603
 Randomize |  177 |    238 |   0.613 |   0.487 |   1.566 |   0.225 |       0.000 |       0.000 |  314.981 |   74.648
 Randomize |  178 |    250 |   0.628 |   0.483 |   1.597 |   0.257 |       0.000 |       0.000 |  305.508 |   82.790
 Randomize |  179 |    281 |   0.591 |   0.492 |   1.584 |   0.227 |       0.000 |       0.000 |  301.333 |   81.498
 Randomize |  180 |    243 |   0.613 |   0.487 |   1.578 |   0.241 |       0.000 |       0.000 |  299.074 |   83.976
 Randomize |  181 |    258 |   0.640 |   0.480 |   1.570 |   0.246 |       0.000 |       0.000 |  303.562 |   81.759
 Randomize |  182 |    249 |   0.610 |   0.488 |   1.571 |   0.270 |       0.000 |       0.000 |  304.271 |   77.572
 Randomize |  183 |    265 |   0.551 |   0.497 |   1.565 |   0.248 |       0.000 |       0.000 |  299.574 |   75.961
 Randomize |  184 |    263 |   0.662 |   0.473 |   1.568 |     nan |       0.004 |       0.062 |  299.660 |   85.570
 Randomize |  185 |    233 |   0.631 |   0.483 |   1.527 |   0.250 |       0.000 |       0.000 |  298.367 |   83.219
 Randomize |  186 |    245 |   0.588 |   0.492 |   1.561 |   0.238 |       0.000 |       0.000 |  301.890 |   86.973
 Randomize |  187 |    233 |   0.622 |   0.485 |   1.565 |   0.250 |       0.000 |       0.000 |  304.498 |   76.756
 Randomize |  188 |    251 |   0.582 |   0.493 |   1.562 |   0.223 |       0.000 |       0.000 |  304.803 |   82.835
 Randomize |  189 |    255 |   0.612 |   0.487 |   1.565 |   0.217 |       0.000 |       0.000 |  298.198 |   85.024
 Randomize |  190 |    253 |   0.621 |   0.485 |   1.590 |   0.241 |       0.000 |       0.000 |  292.836 |   83.402
 Randomize |  191 |    232 |   0.582 |   0.493 |   1.574 |   0.237 |       0.000 |       0.000 |  296.692 |   83.069
 Randomize |  192 |    247 |   0.636 |   0.481 |   1.574 |     nan |       0.004 |       0.063 |  300.302 |   82.291
 Randomize |  193 |    255 |   0.675 |   0.469 |   1.577 |   0.226 |       0.000 |       0.000 |  295.931 |   82.294
 Randomize |  194 |    266 |   0.658 |   0.474 |   1.566 |   0.225 |       0.000 |       0.000 |  302.934 |   78.930
 Randomize |  195 |    240 |   0.637 |   0.481 |   1.558 |   0.244 |       0.000 |       0.000 |  298.319 |   80.930
 Randomize |  196 |    254 |   0.583 |   0.493 |   1.577 |   0.230 |       0.000 |       0.000 |  302.760 |   71.033
 Randomize |  197 |    256 |   0.598 |   0.490 |   1.566 |   0.233 |       0.000 |       0.000 |  304.445 |   79.733
 Randomize |  198 |    244 |   0.582 |   0.493 |   1.534 |   0.224 |       0.000 |       0.000 |  302.582 |   81.510
 Randomize |  199 |    259 |   0.614 |   0.487 |   1.565 |   0.242 |       0.000 |       0.000 |  299.695 |   78.705
