Experiment Results - 20250802_132554
==================================================
n_online_list: [200]
n_runs: 1000
alpha: 0.4
M: 1000
==================================================

Per-t selection conditional statistics (mean/std across simulations):
    Method |    t |  Count | CovMean |  CovStd | LenMedian |  LenStd | InfFracMean |  InfFracStd |  CalMean |   CalStd
------------------------------------------------------------------------------------------------------
     Upper |    0 |   1000 |   1.000 |   0.000 |     inf |     nan |       1.000 |       0.000 |    0.000 |    0.000
     Upper |    1 |    684 |   1.000 |   0.000 |     inf |     nan |       1.000 |       0.000 |    1.468 |    0.884
     Upper |    2 |    535 |   1.000 |   0.000 |     inf |     nan |       1.000 |       0.000 |    4.158 |    1.383
     Upper |    3 |    486 |   1.000 |   0.000 |     inf |     nan |       1.000 |       0.000 |   14.879 |    4.344
     Upper |    4 |    496 |   1.000 |   0.000 |     inf |     nan |       0.998 |       0.045 |   66.460 |   16.282
     Upper |    5 |    433 |   0.998 |   0.048 |     inf |     nan |       0.993 |       0.083 |  370.573 |   85.151
     Upper |    6 |    411 |   0.998 |   0.049 |     inf |     nan |       0.956 |       0.205 |  502.698 |  119.987
     Upper |    7 |    383 |   0.974 |   0.159 |     inf |     nan |       0.919 |       0.273 |  483.799 |  112.062
     Upper |    8 |    368 |   0.981 |   0.137 |     inf |     nan |       0.837 |       0.369 |  461.549 |  115.453
     Upper |    9 |    385 |   0.964 |   0.187 |     inf |     nan |       0.782 |       0.413 |  460.444 |  105.935
     Upper |   10 |    363 |   0.917 |   0.275 |     inf |     nan |       0.631 |       0.483 |  442.481 |  112.775
     Upper |   11 |    343 |   0.904 |   0.295 |   4.224 |     nan |       0.464 |       0.499 |  433.859 |  115.163
     Upper |   12 |    321 |   0.869 |   0.337 |   3.055 |     nan |       0.299 |       0.458 |  439.221 |  106.376
     Upper |   13 |    307 |   0.886 |   0.318 |   2.940 |     nan |       0.254 |       0.435 |  430.739 |  110.599
     Upper |   14 |    357 |   0.840 |   0.366 |   2.771 |     nan |       0.134 |       0.341 |  434.396 |  101.635
     Upper |   15 |    330 |   0.815 |   0.388 |   2.591 |     nan |       0.115 |       0.319 |  415.242 |  108.202
     Upper |   16 |    346 |   0.858 |   0.349 |   2.533 |     nan |       0.113 |       0.316 |  407.458 |  116.460
     Upper |   17 |    321 |   0.829 |   0.377 |   2.431 |     nan |       0.072 |       0.258 |  406.871 |  112.475
     Upper |   18 |    319 |   0.799 |   0.400 |   2.287 |     nan |       0.053 |       0.225 |  402.534 |  108.291
     Upper |   19 |    320 |   0.859 |   0.348 |   2.211 |     nan |       0.053 |       0.224 |  396.216 |  113.702
     Upper |   20 |    300 |   0.777 |   0.416 |   2.263 |     nan |       0.043 |       0.204 |  390.180 |  112.565
     Upper |   21 |    306 |   0.824 |   0.381 |   2.199 |     nan |       0.016 |       0.127 |  406.376 |   98.262
     Upper |   22 |    309 |   0.793 |   0.405 |   2.184 |     nan |       0.023 |       0.149 |  387.812 |  110.308
     Upper |   23 |    309 |   0.780 |   0.414 |   2.145 |     nan |       0.032 |       0.177 |  388.350 |  115.743
     Upper |   24 |    303 |   0.772 |   0.419 |   2.119 |     nan |       0.020 |       0.139 |  395.462 |  106.815
     Upper |   25 |    288 |   0.760 |   0.427 |   2.126 |     nan |       0.017 |       0.131 |  388.125 |  110.080
     Upper |   26 |    325 |   0.748 |   0.434 |   2.067 |     nan |       0.018 |       0.135 |  380.603 |  114.279
     Upper |   27 |    293 |   0.758 |   0.428 |   2.003 |     nan |       0.010 |       0.101 |  374.705 |  107.569
     Upper |   28 |    302 |   0.732 |   0.443 |   2.025 |     nan |       0.010 |       0.099 |  381.887 |  105.092
     Upper |   29 |    280 |   0.789 |   0.408 |   2.016 |     nan |       0.004 |       0.060 |  380.589 |   99.742
     Upper |   30 |    297 |   0.791 |   0.406 |   2.032 |     nan |       0.013 |       0.115 |  362.604 |  111.354
     Upper |   31 |    281 |   0.765 |   0.424 |   2.002 |     nan |       0.011 |       0.103 |  378.585 |  106.419
     Upper |   32 |    272 |   0.754 |   0.431 |   1.927 |     nan |       0.004 |       0.061 |  366.129 |  107.320
     Upper |   33 |    287 |   0.725 |   0.447 |   1.940 |     nan |       0.007 |       0.083 |  368.204 |  107.550
     Upper |   34 |    292 |   0.791 |   0.407 |   1.976 |     nan |       0.014 |       0.116 |  357.096 |  109.561
     Upper |   35 |    278 |   0.727 |   0.446 |   1.924 |     nan |       0.007 |       0.085 |  369.854 |  101.120
     Upper |   36 |    274 |   0.679 |   0.467 |   1.994 |     nan |       0.007 |       0.085 |  362.690 |  104.545
     Upper |   37 |    267 |   0.779 |   0.415 |   2.000 |   0.565 |       0.000 |       0.000 |  364.665 |  105.941
     Upper |   38 |    263 |   0.703 |   0.457 |   1.892 |   0.557 |       0.000 |       0.000 |  363.352 |   97.679
     Upper |   39 |    249 |   0.727 |   0.446 |   1.903 |   0.555 |       0.000 |       0.000 |  361.855 |  100.926
     Upper |   40 |    245 |   0.763 |   0.425 |   1.856 |   0.527 |       0.000 |       0.000 |  342.292 |  114.578
     Upper |   41 |    283 |   0.724 |   0.447 |   1.861 |   0.551 |       0.000 |       0.000 |  356.482 |  106.263
     Upper |   42 |    261 |   0.724 |   0.447 |   1.881 |     nan |       0.008 |       0.087 |  350.613 |  101.129
     Upper |   43 |    282 |   0.688 |   0.463 |   1.873 |     nan |       0.004 |       0.059 |  346.906 |  103.921
     Upper |   44 |    272 |   0.724 |   0.447 |   1.922 |   0.556 |       0.000 |       0.000 |  344.985 |  101.426
     Upper |   45 |    265 |   0.691 |   0.462 |   1.861 |     nan |       0.004 |       0.061 |  350.200 |   97.537
     Upper |   46 |    265 |   0.717 |   0.450 |   1.879 |   0.493 |       0.000 |       0.000 |  346.815 |   96.851
     Upper |   47 |    274 |   0.701 |   0.458 |   1.895 |   0.496 |       0.000 |       0.000 |  342.219 |  100.996
     Upper |   48 |    270 |   0.678 |   0.467 |   1.813 |     nan |       0.004 |       0.061 |  356.187 |   95.207
     Upper |   49 |    253 |   0.696 |   0.460 |   1.873 |     nan |       0.008 |       0.089 |  338.830 |  106.970
     Upper |   50 |    258 |   0.702 |   0.458 |   1.834 |     nan |       0.004 |       0.062 |  334.260 |  105.578
     Upper |   51 |    256 |   0.672 |   0.470 |   1.839 |   0.499 |       0.000 |       0.000 |  339.127 |  102.250
     Upper |   52 |    262 |   0.687 |   0.464 |   1.852 |   0.457 |       0.000 |       0.000 |  335.540 |   95.991
     Upper |   53 |    276 |   0.692 |   0.462 |   1.799 |     nan |       0.007 |       0.085 |  329.967 |  107.268
     Upper |   54 |    296 |   0.672 |   0.469 |   1.862 |     nan |       0.010 |       0.100 |  326.801 |  105.501
     Upper |   55 |    239 |   0.732 |   0.443 |   1.805 |     nan |       0.004 |       0.065 |  338.579 |   98.621
     Upper |   56 |    266 |   0.707 |   0.455 |   1.862 |     nan |       0.004 |       0.061 |  333.538 |  102.290
     Upper |   57 |    270 |   0.719 |   0.450 |   1.788 |   0.527 |       0.000 |       0.000 |  326.098 |  103.096
     Upper |   58 |    249 |   0.675 |   0.468 |   1.811 |   0.442 |       0.000 |       0.000 |  340.289 |   98.962
     Upper |   59 |    266 |   0.673 |   0.469 |   1.795 |     nan |       0.004 |       0.061 |  332.825 |  101.024
     Upper |   60 |    268 |   0.701 |   0.458 |   1.804 |   0.487 |       0.000 |       0.000 |  324.869 |  103.583
     Upper |   61 |    242 |   0.678 |   0.467 |   1.796 |   0.451 |       0.000 |       0.000 |  325.643 |   98.479
     Upper |   62 |    252 |   0.667 |   0.471 |   1.780 |   0.420 |       0.000 |       0.000 |  336.861 |   96.348
     Upper |   63 |    259 |   0.656 |   0.475 |   1.754 |     nan |       0.004 |       0.062 |  329.137 |  100.602
     Upper |   64 |    242 |   0.686 |   0.464 |   1.766 |     nan |       0.004 |       0.064 |  322.056 |  107.733
     Upper |   65 |    260 |   0.704 |   0.457 |   1.834 |   0.480 |       0.000 |       0.000 |  317.842 |  106.411
     Upper |   66 |    241 |   0.618 |   0.486 |   1.757 |   0.386 |       0.000 |       0.000 |  326.589 |  101.904
     Upper |   67 |    241 |   0.610 |   0.488 |   1.699 |   0.395 |       0.000 |       0.000 |  328.573 |   92.742
     Upper |   68 |    274 |   0.639 |   0.480 |   1.762 |   0.459 |       0.000 |       0.000 |  322.617 |   97.594
     Upper |   69 |    263 |   0.681 |   0.466 |   1.784 |   0.455 |       0.000 |       0.000 |  320.508 |  100.631
     Upper |   70 |    250 |   0.660 |   0.474 |   1.783 |   0.408 |       0.000 |       0.000 |  318.488 |  100.454
     Upper |   71 |    232 |   0.703 |   0.457 |   1.739 |   0.415 |       0.000 |       0.000 |  326.323 |   99.455
     Upper |   72 |    261 |   0.625 |   0.484 |   1.703 |   0.442 |       0.000 |       0.000 |  314.534 |  100.427
     Upper |   73 |    239 |   0.669 |   0.470 |   1.747 |   0.388 |       0.000 |       0.000 |  326.205 |   97.138
     Upper |   74 |    257 |   0.646 |   0.478 |   1.768 |     nan |       0.004 |       0.062 |  316.461 |   94.824
     Upper |   75 |    231 |   0.719 |   0.450 |   1.771 |   0.419 |       0.000 |       0.000 |  314.565 |  102.024
     Upper |   76 |    264 |   0.720 |   0.449 |   1.802 |   0.415 |       0.000 |       0.000 |  322.585 |   93.210
     Upper |   77 |    258 |   0.698 |   0.459 |   1.763 |   0.417 |       0.000 |       0.000 |  314.649 |  106.753
     Upper |   78 |    237 |   0.688 |   0.463 |   1.754 |   0.387 |       0.000 |       0.000 |  316.829 |   90.292
     Upper |   79 |    239 |   0.619 |   0.486 |   1.766 |   0.407 |       0.000 |       0.000 |  328.031 |   90.211
     Upper |   80 |    252 |   0.690 |   0.462 |   1.749 |   0.372 |       0.000 |       0.000 |  316.813 |   90.478
     Upper |   81 |    239 |   0.703 |   0.457 |   1.775 |     nan |       0.004 |       0.065 |  315.126 |   93.756
     Upper |   82 |    238 |   0.664 |   0.472 |   1.692 |     nan |       0.004 |       0.065 |  324.548 |   90.192
     Upper |   83 |    257 |   0.704 |   0.456 |   1.778 |   0.392 |       0.000 |       0.000 |  313.486 |   95.357
     Upper |   84 |    246 |   0.646 |   0.478 |   1.732 |   0.394 |       0.000 |       0.000 |  311.512 |  100.164
     Upper |   85 |    237 |   0.722 |   0.448 |   1.766 |   0.403 |       0.000 |       0.000 |  310.947 |   93.399
     Upper |   86 |    230 |   0.609 |   0.488 |   1.704 |   0.430 |       0.000 |       0.000 |  321.496 |   91.011
     Upper |   87 |    231 |   0.662 |   0.473 |   1.723 |   0.353 |       0.000 |       0.000 |  320.173 |   92.082
     Upper |   88 |    250 |   0.644 |   0.479 |   1.734 |   0.375 |       0.000 |       0.000 |  317.216 |   94.841
     Upper |   89 |    236 |   0.691 |   0.462 |   1.747 |   0.402 |       0.000 |       0.000 |  314.968 |   94.748
     Upper |   90 |    250 |   0.688 |   0.463 |   1.689 |     nan |       0.004 |       0.063 |  323.204 |   91.042
     Upper |   91 |    224 |   0.670 |   0.470 |   1.733 |   0.322 |       0.000 |       0.000 |  313.859 |   87.259
     Upper |   92 |    239 |   0.669 |   0.470 |   1.676 |   0.427 |       0.000 |       0.000 |  312.552 |   94.088
     Upper |   93 |    235 |   0.655 |   0.475 |   1.740 |   0.386 |       0.000 |       0.000 |  307.447 |   92.803
     Upper |   94 |    222 |   0.635 |   0.481 |   1.744 |   0.355 |       0.000 |       0.000 |  322.054 |   91.572
     Upper |   95 |    244 |   0.631 |   0.482 |   1.686 |   0.382 |       0.000 |       0.000 |  307.846 |   96.053
     Upper |   96 |    244 |   0.643 |   0.479 |   1.733 |   0.354 |       0.000 |       0.000 |  312.012 |   91.267
     Upper |   97 |    218 |   0.670 |   0.470 |   1.694 |   0.327 |       0.000 |       0.000 |  320.585 |   88.176
     Upper |   98 |    253 |   0.660 |   0.474 |   1.712 |   0.335 |       0.000 |       0.000 |  314.298 |   87.990
     Upper |   99 |    246 |   0.650 |   0.477 |   1.738 |   0.366 |       0.000 |       0.000 |  300.441 |   94.314
     Upper |  100 |    254 |   0.685 |   0.465 |   1.715 |     nan |       0.004 |       0.063 |  312.006 |   88.293
     Upper |  101 |    267 |   0.674 |   0.469 |   1.716 |   0.343 |       0.000 |       0.000 |  311.275 |   87.830
     Upper |  102 |    255 |   0.690 |   0.462 |   1.703 |   0.328 |       0.000 |       0.000 |  307.892 |   91.737
     Upper |  103 |    245 |   0.678 |   0.467 |   1.718 |   0.335 |       0.000 |       0.000 |  299.012 |   98.380
     Upper |  104 |    242 |   0.661 |   0.473 |   1.721 |   0.345 |       0.000 |       0.000 |  304.112 |   99.278
     Upper |  105 |    230 |   0.648 |   0.478 |   1.754 |   0.345 |       0.000 |       0.000 |  303.435 |   89.820
     Upper |  106 |    242 |   0.653 |   0.476 |   1.742 |   0.335 |       0.000 |       0.000 |  309.907 |   92.438
     Upper |  107 |    223 |   0.619 |   0.486 |   1.695 |   0.346 |       0.000 |       0.000 |  311.861 |   86.053
     Upper |  108 |    255 |   0.686 |   0.464 |   1.721 |   0.315 |       0.000 |       0.000 |  305.304 |   93.916
     Upper |  109 |    235 |   0.664 |   0.472 |   1.754 |   0.346 |       0.000 |       0.000 |  297.453 |   88.629
     Upper |  110 |    255 |   0.600 |   0.490 |   1.703 |   0.315 |       0.000 |       0.000 |  302.041 |   90.172
     Upper |  111 |    242 |   0.653 |   0.476 |   1.711 |   0.346 |       0.000 |       0.000 |  310.498 |   84.714
     Upper |  112 |    236 |   0.703 |   0.457 |   1.725 |   0.335 |       0.000 |       0.000 |  296.358 |   88.162
     Upper |  113 |    243 |   0.671 |   0.470 |   1.698 |   0.321 |       0.000 |       0.000 |  304.202 |   88.389
     Upper |  114 |    258 |   0.702 |   0.458 |   1.710 |   0.333 |       0.000 |       0.000 |  299.242 |   88.744
     Upper |  115 |    252 |   0.675 |   0.469 |   1.734 |   0.356 |       0.000 |       0.000 |  292.837 |   92.705
     Upper |  116 |    234 |   0.632 |   0.482 |   1.679 |   0.336 |       0.000 |       0.000 |  306.955 |   90.216
     Upper |  117 |    234 |   0.581 |   0.493 |   1.721 |   0.322 |       0.000 |       0.000 |  301.291 |   91.758
     Upper |  118 |    260 |   0.650 |   0.477 |   1.700 |   0.368 |       0.000 |       0.000 |  303.719 |   90.597
     Upper |  119 |    250 |   0.568 |   0.495 |   1.721 |   0.345 |       0.000 |       0.000 |  307.684 |   89.636
     Upper |  120 |    234 |   0.632 |   0.482 |   1.694 |   0.331 |       0.000 |       0.000 |  311.472 |   86.557
     Upper |  121 |    237 |   0.675 |   0.468 |   1.721 |   0.339 |       0.000 |       0.000 |  298.023 |   90.263
     Upper |  122 |    241 |   0.668 |   0.471 |   1.670 |   0.324 |       0.000 |       0.000 |  311.274 |   84.146
     Upper |  123 |    215 |   0.698 |   0.459 |   1.699 |   0.334 |       0.000 |       0.000 |  311.677 |   94.308
     Upper |  124 |    251 |   0.685 |   0.464 |   1.721 |   0.353 |       0.000 |       0.000 |  299.100 |   90.004
     Upper |  125 |    237 |   0.637 |   0.481 |   1.712 |   0.315 |       0.000 |       0.000 |  303.905 |   84.563
     Upper |  126 |    232 |   0.711 |   0.453 |   1.702 |   0.342 |       0.000 |       0.000 |  298.375 |   94.590
     Upper |  127 |    246 |   0.679 |   0.467 |   1.744 |   0.334 |       0.000 |       0.000 |  315.728 |   80.450
     Upper |  128 |    236 |   0.661 |   0.473 |   1.735 |   0.322 |       0.000 |       0.000 |  300.814 |   88.265
     Upper |  129 |    246 |   0.675 |   0.468 |   1.653 |   0.308 |       0.000 |       0.000 |  303.854 |   83.551
     Upper |  130 |    244 |   0.664 |   0.472 |   1.671 |   0.304 |       0.000 |       0.000 |  299.707 |   88.703
     Upper |  131 |    251 |   0.649 |   0.477 |   1.662 |   0.325 |       0.000 |       0.000 |  301.426 |   85.341
     Upper |  132 |    226 |   0.611 |   0.488 |   1.715 |   0.323 |       0.000 |       0.000 |  300.513 |   89.760
     Upper |  133 |    241 |   0.656 |   0.475 |   1.695 |   0.292 |       0.000 |       0.000 |  296.023 |   88.105
     Upper |  134 |    281 |   0.655 |   0.475 |   1.709 |   0.296 |       0.000 |       0.000 |  308.027 |   81.239
     Upper |  135 |    256 |   0.656 |   0.475 |   1.708 |   0.298 |       0.000 |       0.000 |  300.199 |   81.299
     Upper |  136 |    262 |   0.645 |   0.479 |   1.661 |   0.300 |       0.000 |       0.000 |  303.725 |   80.349
     Upper |  137 |    241 |   0.643 |   0.479 |   1.703 |   0.314 |       0.000 |       0.000 |  308.820 |   81.270
     Upper |  138 |    261 |   0.663 |   0.473 |   1.630 |   0.330 |       0.000 |       0.000 |  307.354 |   82.867
     Upper |  139 |    254 |   0.642 |   0.479 |   1.668 |   0.306 |       0.000 |       0.000 |  299.463 |   85.722
     Upper |  140 |    257 |   0.623 |   0.485 |   1.673 |   0.299 |       0.000 |       0.000 |  302.220 |   84.782
     Upper |  141 |    265 |   0.653 |   0.476 |   1.716 |   0.288 |       0.000 |       0.000 |  296.958 |   88.115
     Upper |  142 |    227 |   0.626 |   0.484 |   1.669 |   0.278 |       0.000 |       0.000 |  298.123 |   85.889
     Upper |  143 |    245 |   0.661 |   0.473 |   1.673 |   0.301 |       0.000 |       0.000 |  290.602 |   93.405
     Upper |  144 |    269 |   0.658 |   0.474 |   1.685 |   0.279 |       0.000 |       0.000 |  297.106 |   85.852
     Upper |  145 |    239 |   0.632 |   0.482 |   1.674 |   0.274 |       0.000 |       0.000 |  288.990 |   89.300
     Upper |  146 |    250 |   0.596 |   0.491 |   1.660 |   0.295 |       0.000 |       0.000 |  298.614 |   86.637
     Upper |  147 |    240 |   0.646 |   0.478 |   1.651 |   0.279 |       0.000 |       0.000 |  292.944 |   81.934
     Upper |  148 |    239 |   0.607 |   0.488 |   1.704 |   0.277 |       0.000 |       0.000 |  301.356 |   83.564
     Upper |  149 |    239 |   0.678 |   0.467 |   1.676 |   0.269 |       0.000 |       0.000 |  281.868 |   88.957
     Upper |  150 |    225 |   0.644 |   0.479 |   1.702 |   0.260 |       0.000 |       0.000 |  292.027 |   86.362
     Upper |  151 |    235 |   0.664 |   0.472 |   1.701 |   0.293 |       0.000 |       0.000 |  291.557 |   86.538
     Upper |  152 |    249 |   0.627 |   0.484 |   1.638 |   0.260 |       0.000 |       0.000 |  302.317 |   81.130
     Upper |  153 |    240 |   0.671 |   0.470 |   1.673 |   0.264 |       0.000 |       0.000 |  302.410 |   81.454
     Upper |  154 |    238 |   0.613 |   0.487 |   1.660 |   0.310 |       0.000 |       0.000 |  306.693 |   81.450
     Upper |  155 |    236 |   0.708 |   0.455 |   1.672 |   0.273 |       0.000 |       0.000 |  297.949 |   87.881
     Upper |  156 |    235 |   0.664 |   0.472 |   1.675 |   0.276 |       0.000 |       0.000 |  297.543 |   87.712
     Upper |  157 |    276 |   0.670 |   0.470 |   1.677 |   0.253 |       0.000 |       0.000 |  299.701 |   84.244
     Upper |  158 |    254 |   0.638 |   0.481 |   1.685 |   0.256 |       0.000 |       0.000 |  298.419 |   80.587
     Upper |  159 |    255 |   0.588 |   0.492 |   1.698 |   0.296 |       0.000 |       0.000 |  296.129 |   84.234
     Upper |  160 |    256 |   0.641 |   0.480 |   1.660 |   0.251 |       0.000 |       0.000 |  296.598 |   81.618
     Upper |  161 |    233 |   0.652 |   0.476 |   1.659 |   0.261 |       0.000 |       0.000 |  296.856 |   83.062
     Upper |  162 |    272 |   0.676 |   0.468 |   1.661 |   0.266 |       0.000 |       0.000 |  287.068 |   87.119
     Upper |  163 |    239 |   0.640 |   0.480 |   1.676 |   0.250 |       0.000 |       0.000 |  308.914 |   80.098
     Upper |  164 |    245 |   0.673 |   0.469 |   1.691 |   0.276 |       0.000 |       0.000 |  292.357 |   83.638
     Upper |  165 |    254 |   0.681 |   0.466 |   1.662 |   0.266 |       0.000 |       0.000 |  295.323 |   81.301
     Upper |  166 |    242 |   0.674 |   0.469 |   1.686 |   0.258 |       0.000 |       0.000 |  291.415 |   84.509
     Upper |  167 |    235 |   0.664 |   0.472 |   1.689 |   0.291 |       0.000 |       0.000 |  301.111 |   85.561
     Upper |  168 |    238 |   0.639 |   0.480 |   1.647 |   0.254 |       0.000 |       0.000 |  295.586 |   84.585
     Upper |  169 |    253 |   0.628 |   0.483 |   1.643 |   0.255 |       0.000 |       0.000 |  292.990 |   86.994
     Upper |  170 |    264 |   0.701 |   0.458 |   1.670 |   0.261 |       0.000 |       0.000 |  289.294 |   80.239
     Upper |  171 |    253 |   0.684 |   0.465 |   1.651 |   0.344 |       0.000 |       0.000 |  293.119 |   86.577
     Upper |  172 |    228 |   0.658 |   0.474 |   1.654 |   0.268 |       0.000 |       0.000 |  291.132 |   86.526
     Upper |  173 |    254 |   0.610 |   0.488 |   1.662 |   0.276 |       0.000 |       0.000 |  282.972 |   87.062
     Upper |  174 |    271 |   0.705 |   0.456 |   1.675 |   0.266 |       0.000 |       0.000 |  294.797 |   81.177
     Upper |  175 |    235 |   0.591 |   0.492 |   1.665 |   0.261 |       0.000 |       0.000 |  296.591 |   86.357
     Upper |  176 |    247 |   0.652 |   0.476 |   1.669 |   0.235 |       0.000 |       0.000 |  299.221 |   82.615
     Upper |  177 |    231 |   0.658 |   0.474 |   1.677 |   0.244 |       0.000 |       0.000 |  307.920 |   76.607
     Upper |  178 |    248 |   0.661 |   0.473 |   1.683 |   0.261 |       0.000 |       0.000 |  296.891 |   82.020
     Upper |  179 |    271 |   0.631 |   0.483 |   1.680 |   0.243 |       0.000 |       0.000 |  293.232 |   82.751
     Upper |  180 |    241 |   0.639 |   0.480 |   1.670 |   0.252 |       0.000 |       0.000 |  288.741 |   86.490
     Upper |  181 |    248 |   0.633 |   0.482 |   1.642 |   0.289 |       0.000 |       0.000 |  296.444 |   81.852
     Upper |  182 |    237 |   0.667 |   0.471 |   1.670 |   0.259 |       0.000 |       0.000 |  295.357 |   79.912
     Upper |  183 |    245 |   0.620 |   0.485 |   1.669 |   0.259 |       0.000 |       0.000 |  293.849 |   78.956
     Upper |  184 |    257 |   0.700 |   0.458 |   1.675 |   0.266 |       0.000 |       0.000 |  290.169 |   79.106
     Upper |  185 |    226 |   0.673 |   0.469 |   1.677 |   0.265 |       0.000 |       0.000 |  287.998 |   82.444
     Upper |  186 |    253 |   0.625 |   0.484 |   1.662 |   0.276 |       0.000 |       0.000 |  288.945 |   92.118
     Upper |  187 |    232 |   0.634 |   0.482 |   1.653 |   0.267 |       0.000 |       0.000 |  294.364 |   81.573
     Upper |  188 |    235 |   0.591 |   0.492 |   1.662 |   0.263 |       0.000 |       0.000 |  294.491 |   84.212
     Upper |  189 |    245 |   0.620 |   0.485 |   1.654 |   0.254 |       0.000 |       0.000 |  288.598 |   86.978
     Upper |  190 |    260 |   0.623 |   0.485 |   1.683 |     nan |       0.004 |       0.062 |  279.406 |   85.553
     Upper |  191 |    228 |   0.596 |   0.491 |   1.668 |   0.251 |       0.000 |       0.000 |  287.232 |   85.146
     Upper |  192 |    243 |   0.638 |   0.481 |   1.662 |   0.282 |       0.000 |       0.000 |  287.109 |   80.586
     Upper |  193 |    247 |   0.700 |   0.458 |   1.684 |   0.250 |       0.000 |       0.000 |  284.387 |   86.249
     Upper |  194 |    260 |   0.673 |   0.469 |   1.685 |   0.245 |       0.000 |       0.000 |  289.185 |   80.011
     Upper |  195 |    239 |   0.640 |   0.480 |   1.650 |   0.285 |       0.000 |       0.000 |  293.785 |   81.441
     Upper |  196 |    253 |   0.577 |   0.494 |   1.678 |   0.251 |       0.000 |       0.000 |  286.553 |   78.740
     Upper |  197 |    236 |   0.657 |   0.475 |   1.664 |   0.255 |       0.000 |       0.000 |  295.739 |   78.697
     Upper |  198 |    226 |   0.619 |   0.486 |   1.627 |   0.260 |       0.000 |       0.000 |  292.593 |   84.511
     Upper |  199 |    252 |   0.627 |   0.484 |   1.650 |   0.253 |       0.000 |       0.000 |  288.619 |   79.569
 Randomize |    0 |   1000 |   1.000 |   0.000 |     inf |     nan |       1.000 |       0.000 |    0.000 |    0.000
 Randomize |    1 |    684 |   0.923 |   0.267 |     inf |     nan |       0.974 |       0.160 |    1.468 |    0.884
 Randomize |    2 |    535 |   0.864 |   0.343 |     inf |     nan |       0.897 |       0.304 |    4.158 |    1.383
 Randomize |    3 |    486 |   0.821 |   0.383 |     inf |     nan |       0.794 |       0.404 |   14.879 |    4.344
 Randomize |    4 |    496 |   0.750 |   0.433 |     inf |     nan |       0.643 |       0.479 |   66.460 |   16.282
 Randomize |    5 |    433 |   0.727 |   0.445 |     inf |     nan |       0.564 |       0.496 |  370.573 |   85.151
 Randomize |    6 |    411 |   0.730 |   0.444 |   2.899 |     nan |       0.443 |       0.497 |  502.692 |  119.907
 Randomize |    7 |    383 |   0.734 |   0.442 |   2.153 |     nan |       0.313 |       0.464 |  483.679 |  112.021
 Randomize |    8 |    368 |   0.731 |   0.443 |   2.145 |     nan |       0.280 |       0.449 |  461.448 |  115.686
 Randomize |    9 |    385 |   0.686 |   0.464 |   2.012 |     nan |       0.218 |       0.413 |  460.457 |  105.805
 Randomize |   10 |    363 |   0.669 |   0.470 |   1.814 |     nan |       0.132 |       0.339 |  442.416 |  112.690
 Randomize |   11 |    343 |   0.694 |   0.461 |   1.831 |     nan |       0.096 |       0.295 |  434.063 |  115.214
 Randomize |   12 |    321 |   0.664 |   0.472 |   1.839 |     nan |       0.050 |       0.218 |  439.176 |  106.255
 Randomize |   13 |    307 |   0.730 |   0.444 |   1.800 |     nan |       0.042 |       0.201 |  430.884 |  110.493
 Randomize |   14 |    357 |   0.636 |   0.481 |   1.745 |     nan |       0.025 |       0.157 |  434.543 |  101.745
 Randomize |   15 |    330 |   0.652 |   0.476 |   1.719 |     nan |       0.015 |       0.122 |  415.180 |  107.990
 Randomize |   16 |    346 |   0.720 |   0.449 |   1.707 |     nan |       0.020 |       0.141 |  407.506 |  116.452
 Randomize |   17 |    321 |   0.679 |   0.467 |   1.695 |     nan |       0.012 |       0.111 |  406.905 |  112.522
 Randomize |   18 |    319 |   0.665 |   0.472 |   1.776 |     nan |       0.006 |       0.079 |  402.346 |  108.084
 Randomize |   19 |    320 |   0.750 |   0.433 |   1.649 |     nan |       0.009 |       0.096 |  396.192 |  113.706
 Randomize |   20 |    300 |   0.623 |   0.485 |   1.690 |     nan |       0.007 |       0.081 |  390.210 |  112.626
 Randomize |   21 |    306 |   0.657 |   0.475 |   1.695 |     nan |       0.007 |       0.081 |  406.366 |   98.440
 Randomize |   22 |    309 |   0.638 |   0.481 |   1.667 |     nan |       0.006 |       0.080 |  387.626 |  110.301
 Randomize |   23 |    309 |   0.670 |   0.470 |   1.647 |     nan |       0.006 |       0.080 |  388.557 |  115.695
 Randomize |   24 |    303 |   0.653 |   0.476 |   1.677 |     nan |       0.010 |       0.099 |  395.474 |  106.793
 Randomize |   25 |    288 |   0.642 |   0.479 |   1.653 |     nan |       0.003 |       0.059 |  388.205 |  109.982
 Randomize |   26 |    325 |   0.652 |   0.476 |   1.646 |     nan |       0.009 |       0.096 |  380.680 |  114.183
 Randomize |   27 |    293 |   0.648 |   0.477 |   1.638 |     nan |       0.003 |       0.058 |  374.730 |  107.589
 Randomize |   28 |    302 |   0.636 |   0.481 |   1.653 |     nan |       0.003 |       0.057 |  381.897 |  105.093
 Randomize |   29 |    280 |   0.689 |   0.463 |   1.623 |   0.485 |       0.000 |       0.000 |  380.364 |   99.691
 Randomize |   30 |    297 |   0.667 |   0.471 |   1.631 |     nan |       0.007 |       0.082 |  362.591 |  111.330
 Randomize |   31 |    281 |   0.662 |   0.473 |   1.663 |   0.506 |       0.000 |       0.000 |  378.511 |  106.382
 Randomize |   32 |    272 |   0.658 |   0.474 |   1.568 |     nan |       0.004 |       0.061 |  366.292 |  107.395
 Randomize |   33 |    287 |   0.631 |   0.483 |   1.620 |   0.504 |       0.000 |       0.000 |  368.195 |  107.410
 Randomize |   34 |    292 |   0.682 |   0.466 |   1.627 |   0.490 |       0.000 |       0.000 |  357.033 |  109.505
 Randomize |   35 |    278 |   0.637 |   0.481 |   1.619 |   0.505 |       0.000 |       0.000 |  370.067 |  101.026
 Randomize |   36 |    274 |   0.588 |   0.492 |   1.672 |     nan |       0.004 |       0.060 |  362.803 |  104.661
 Randomize |   37 |    267 |   0.700 |   0.458 |   1.699 |   0.465 |       0.000 |       0.000 |  364.594 |  105.822
 Randomize |   38 |    263 |   0.620 |   0.485 |   1.556 |   0.465 |       0.000 |       0.000 |  363.365 |   97.757
 Randomize |   39 |    249 |   0.651 |   0.477 |   1.635 |   0.455 |       0.000 |       0.000 |  362.000 |  100.991
 Randomize |   40 |    245 |   0.669 |   0.470 |   1.600 |     nan |       0.004 |       0.064 |  342.200 |  114.584
 Randomize |   41 |    283 |   0.661 |   0.473 |   1.623 |   0.457 |       0.000 |       0.000 |  356.309 |  106.357
 Randomize |   42 |    261 |   0.625 |   0.484 |   1.609 |     nan |       0.004 |       0.062 |  350.492 |  101.036
 Randomize |   43 |    282 |   0.613 |   0.487 |   1.547 |   0.448 |       0.000 |       0.000 |  346.876 |  103.872
 Randomize |   44 |    272 |   0.684 |   0.465 |   1.643 |   0.445 |       0.000 |       0.000 |  344.928 |  101.191
 Randomize |   45 |    265 |   0.615 |   0.487 |   1.590 |   0.445 |       0.000 |       0.000 |  350.172 |   97.496
 Randomize |   46 |    265 |   0.626 |   0.484 |   1.595 |   0.393 |       0.000 |       0.000 |  346.830 |   96.908
 Randomize |   47 |    274 |   0.653 |   0.476 |   1.634 |   0.437 |       0.000 |       0.000 |  342.310 |  101.019
 Randomize |   48 |    270 |   0.648 |   0.478 |   1.571 |   0.450 |       0.000 |       0.000 |  356.069 |   95.200
 Randomize |   49 |    253 |   0.636 |   0.481 |   1.601 |   0.425 |       0.000 |       0.000 |  338.796 |  106.896
 Randomize |   50 |    258 |   0.616 |   0.486 |   1.590 |   0.428 |       0.000 |       0.000 |  334.273 |  105.729
 Randomize |   51 |    256 |   0.598 |   0.490 |   1.590 |   0.434 |       0.000 |       0.000 |  339.109 |  102.172
 Randomize |   52 |    262 |   0.603 |   0.489 |   1.570 |   0.376 |       0.000 |       0.000 |  335.435 |   95.984
 Randomize |   53 |    276 |   0.612 |   0.487 |   1.535 |   0.413 |       0.000 |       0.000 |  330.004 |  107.340
 Randomize |   54 |    296 |   0.578 |   0.494 |   1.601 |   0.396 |       0.000 |       0.000 |  327.090 |  105.720
 Randomize |   55 |    239 |   0.657 |   0.475 |   1.625 |   0.444 |       0.000 |       0.000 |  338.711 |   98.654
 Randomize |   56 |    266 |   0.620 |   0.485 |   1.583 |     nan |       0.004 |       0.061 |  333.555 |  102.404
 Randomize |   57 |    270 |   0.622 |   0.485 |   1.550 |   0.430 |       0.000 |       0.000 |  325.959 |  102.911
 Randomize |   58 |    249 |   0.602 |   0.489 |   1.547 |   0.389 |       0.000 |       0.000 |  340.141 |   98.977
 Randomize |   59 |    266 |   0.620 |   0.485 |   1.563 |   0.349 |       0.000 |       0.000 |  333.026 |  101.088
 Randomize |   60 |    268 |   0.653 |   0.476 |   1.585 |   0.404 |       0.000 |       0.000 |  324.873 |  103.631
 Randomize |   61 |    242 |   0.628 |   0.483 |   1.596 |   0.388 |       0.000 |       0.000 |  325.467 |   98.267
 Randomize |   62 |    252 |   0.583 |   0.493 |   1.566 |   0.350 |       0.000 |       0.000 |  336.927 |   96.211
 Randomize |   63 |    259 |   0.614 |   0.487 |   1.533 |   0.363 |       0.000 |       0.000 |  329.091 |  100.685
 Randomize |   64 |    242 |   0.616 |   0.486 |   1.567 |   0.366 |       0.000 |       0.000 |  321.775 |  107.597
 Randomize |   65 |    260 |   0.650 |   0.477 |   1.593 |   0.404 |       0.000 |       0.000 |  318.062 |  106.368
 Randomize |   66 |    241 |   0.556 |   0.497 |   1.524 |   0.331 |       0.000 |       0.000 |  326.666 |  101.890
 Randomize |   67 |    241 |   0.560 |   0.496 |   1.487 |   0.380 |       0.000 |       0.000 |  328.639 |   92.823
 Randomize |   68 |    274 |   0.573 |   0.495 |   1.564 |   0.353 |       0.000 |       0.000 |  322.715 |   97.526
 Randomize |   69 |    263 |   0.627 |   0.484 |   1.574 |   0.365 |       0.000 |       0.000 |  320.597 |  100.661
 Randomize |   70 |    250 |   0.612 |   0.487 |   1.544 |   0.378 |       0.000 |       0.000 |  318.446 |  100.519
 Randomize |   71 |    232 |   0.651 |   0.477 |   1.558 |   0.365 |       0.000 |       0.000 |  326.360 |   99.411
 Randomize |   72 |    261 |   0.556 |   0.497 |   1.531 |   0.379 |       0.000 |       0.000 |  314.525 |  100.344
 Randomize |   73 |    239 |   0.590 |   0.492 |   1.569 |   0.346 |       0.000 |       0.000 |  326.075 |   97.011
 Randomize |   74 |    257 |   0.572 |   0.495 |   1.592 |     nan |       0.004 |       0.062 |  316.302 |   94.872
 Randomize |   75 |    231 |   0.662 |   0.473 |   1.614 |   0.370 |       0.000 |       0.000 |  314.539 |  101.919
 Randomize |   76 |    264 |   0.674 |   0.469 |   1.602 |   0.368 |       0.000 |       0.000 |  322.551 |   93.439
 Randomize |   77 |    258 |   0.628 |   0.483 |   1.577 |   0.363 |       0.000 |       0.000 |  314.616 |  106.489
 Randomize |   78 |    237 |   0.641 |   0.480 |   1.587 |   0.347 |       0.000 |       0.000 |  316.797 |   90.534
 Randomize |   79 |    239 |   0.561 |   0.496 |   1.617 |   0.331 |       0.000 |       0.000 |  327.979 |   90.106
 Randomize |   80 |    252 |   0.643 |   0.479 |   1.536 |   0.330 |       0.000 |       0.000 |  316.685 |   90.439
 Randomize |   81 |    239 |   0.661 |   0.473 |   1.627 |   0.334 |       0.000 |       0.000 |  315.201 |   93.955
 Randomize |   82 |    238 |   0.634 |   0.482 |   1.515 |   0.353 |       0.000 |       0.000 |  324.616 |   90.169
 Randomize |   83 |    257 |   0.654 |   0.476 |   1.611 |   0.342 |       0.000 |       0.000 |  313.451 |   95.448
 Randomize |   84 |    246 |   0.606 |   0.489 |   1.589 |   0.333 |       0.000 |       0.000 |  311.498 |  100.236
 Randomize |   85 |    237 |   0.679 |   0.467 |   1.576 |   0.333 |       0.000 |       0.000 |  310.895 |   93.427
 Randomize |   86 |    230 |   0.552 |   0.497 |   1.542 |   0.360 |       0.000 |       0.000 |  321.413 |   91.144
 Randomize |   87 |    231 |   0.593 |   0.491 |   1.524 |   0.312 |       0.000 |       0.000 |  320.190 |   91.922
 Randomize |   88 |    250 |   0.604 |   0.489 |   1.563 |   0.338 |       0.000 |       0.000 |  317.116 |   94.656
 Randomize |   89 |    236 |   0.644 |   0.479 |   1.600 |   0.332 |       0.000 |       0.000 |  314.784 |   94.668
 Randomize |   90 |    250 |   0.660 |   0.474 |   1.549 |     nan |       0.004 |       0.063 |  323.424 |   91.088
 Randomize |   91 |    224 |   0.612 |   0.487 |   1.573 |   0.298 |       0.000 |       0.000 |  313.770 |   87.390
 Randomize |   92 |    239 |   0.619 |   0.486 |   1.514 |   0.344 |       0.000 |       0.000 |  312.425 |   94.038
 Randomize |   93 |    235 |   0.604 |   0.489 |   1.575 |   0.333 |       0.000 |       0.000 |  307.313 |   92.796
 Randomize |   94 |    222 |   0.599 |   0.490 |   1.583 |   0.309 |       0.000 |       0.000 |  322.097 |   91.521
 Randomize |   95 |    244 |   0.602 |   0.489 |   1.536 |   0.337 |       0.000 |       0.000 |  307.857 |   96.150
 Randomize |   96 |    244 |   0.602 |   0.489 |   1.561 |   0.312 |       0.000 |       0.000 |  312.246 |   91.375
 Randomize |   97 |    218 |   0.642 |   0.479 |   1.551 |   0.296 |       0.000 |       0.000 |  320.755 |   88.395
 Randomize |   98 |    253 |   0.617 |   0.486 |   1.586 |   0.314 |       0.000 |       0.000 |  314.259 |   88.001
 Randomize |   99 |    246 |   0.598 |   0.490 |   1.582 |   0.332 |       0.000 |       0.000 |  300.287 |   94.194
 Randomize |  100 |    254 |   0.650 |   0.477 |   1.588 |     nan |       0.004 |       0.063 |  311.787 |   88.347
 Randomize |  101 |    267 |   0.633 |   0.482 |   1.580 |   0.301 |       0.000 |       0.000 |  311.320 |   87.749
 Randomize |  102 |    255 |   0.671 |   0.470 |   1.570 |   0.289 |       0.000 |       0.000 |  308.016 |   91.737
 Randomize |  103 |    245 |   0.657 |   0.475 |   1.588 |   0.325 |       0.000 |       0.000 |  299.155 |   98.450
 Randomize |  104 |    242 |   0.628 |   0.483 |   1.591 |   0.297 |       0.000 |       0.000 |  304.258 |   99.255
 Randomize |  105 |    230 |   0.630 |   0.483 |   1.568 |   0.298 |       0.000 |       0.000 |  303.467 |   89.962
 Randomize |  106 |    242 |   0.628 |   0.483 |   1.605 |   0.308 |       0.000 |       0.000 |  310.085 |   92.619
 Randomize |  107 |    223 |   0.574 |   0.494 |   1.556 |   0.311 |       0.000 |       0.000 |  311.971 |   86.063
 Randomize |  108 |    255 |   0.663 |   0.473 |   1.570 |   0.287 |       0.000 |       0.000 |  305.382 |   93.963
 Randomize |  109 |    235 |   0.630 |   0.483 |   1.622 |   0.301 |       0.000 |       0.000 |  297.289 |   88.566
 Randomize |  110 |    255 |   0.569 |   0.495 |   1.583 |   0.295 |       0.000 |       0.000 |  301.982 |   90.274
 Randomize |  111 |    242 |   0.624 |   0.484 |   1.582 |   0.324 |       0.000 |       0.000 |  310.347 |   84.633
 Randomize |  112 |    236 |   0.661 |   0.473 |   1.610 |   0.303 |       0.000 |       0.000 |  296.517 |   88.273
 Randomize |  113 |    243 |   0.630 |   0.483 |   1.575 |   0.303 |       0.000 |       0.000 |  304.212 |   88.558
 Randomize |  114 |    258 |   0.663 |   0.473 |   1.583 |   0.310 |       0.000 |       0.000 |  299.184 |   88.570
 Randomize |  115 |    252 |   0.635 |   0.481 |   1.567 |   0.331 |       0.000 |       0.000 |  292.869 |   92.812
 Randomize |  116 |    234 |   0.594 |   0.491 |   1.570 |   0.304 |       0.000 |       0.000 |  306.906 |   90.305
 Randomize |  117 |    234 |   0.547 |   0.498 |   1.601 |   0.286 |       0.000 |       0.000 |  301.162 |   91.497
 Randomize |  118 |    260 |   0.615 |   0.487 |   1.578 |   0.310 |       0.000 |       0.000 |  303.833 |   90.730
 Randomize |  119 |    250 |   0.544 |   0.498 |   1.590 |   0.301 |       0.000 |       0.000 |  307.586 |   89.542
 Randomize |  120 |    234 |   0.615 |   0.487 |   1.566 |   0.276 |       0.000 |       0.000 |  311.611 |   86.491
 Randomize |  121 |    237 |   0.646 |   0.478 |   1.588 |   0.287 |       0.000 |       0.000 |  298.004 |   90.211
 Randomize |  122 |    241 |   0.651 |   0.477 |   1.574 |   0.300 |       0.000 |       0.000 |  311.483 |   84.033
 Randomize |  123 |    215 |   0.665 |   0.472 |   1.566 |   0.299 |       0.000 |       0.000 |  311.684 |   94.434
 Randomize |  124 |    251 |   0.645 |   0.478 |   1.589 |   0.277 |       0.000 |       0.000 |  299.147 |   90.007
 Randomize |  125 |    237 |   0.612 |   0.487 |   1.598 |   0.273 |       0.000 |       0.000 |  304.059 |   84.458
 Randomize |  126 |    232 |   0.651 |   0.477 |   1.578 |   0.279 |       0.000 |       0.000 |  298.330 |   94.566
 Randomize |  127 |    246 |   0.634 |   0.482 |   1.613 |   0.298 |       0.000 |       0.000 |  315.614 |   80.384
 Randomize |  128 |    236 |   0.614 |   0.487 |   1.584 |   0.268 |       0.000 |       0.000 |  300.803 |   88.240
 Randomize |  129 |    246 |   0.642 |   0.479 |   1.552 |   0.276 |       0.000 |       0.000 |  303.577 |   83.363
 Randomize |  130 |    244 |   0.635 |   0.481 |   1.555 |   0.267 |       0.000 |       0.000 |  299.844 |   88.628
 Randomize |  131 |    251 |   0.622 |   0.485 |   1.559 |   0.280 |       0.000 |       0.000 |  301.572 |   85.405
 Randomize |  132 |    226 |   0.549 |   0.498 |   1.585 |   0.274 |       0.000 |       0.000 |  300.509 |   89.700
 Randomize |  133 |    241 |   0.614 |   0.487 |   1.571 |   0.263 |       0.000 |       0.000 |  296.261 |   88.312
 Randomize |  134 |    281 |   0.630 |   0.483 |   1.571 |   0.278 |       0.000 |       0.000 |  308.235 |   81.409
 Randomize |  135 |    256 |   0.633 |   0.482 |   1.575 |   0.261 |       0.000 |       0.000 |  299.986 |   81.330
 Randomize |  136 |    262 |   0.595 |   0.491 |   1.555 |   0.265 |       0.000 |       0.000 |  303.733 |   80.188
 Randomize |  137 |    241 |   0.614 |   0.487 |   1.593 |   0.281 |       0.000 |       0.000 |  308.871 |   81.130
 Randomize |  138 |    261 |   0.628 |   0.483 |   1.518 |   0.296 |       0.000 |       0.000 |  307.339 |   82.942
 Randomize |  139 |    254 |   0.606 |   0.489 |   1.561 |   0.284 |       0.000 |       0.000 |  299.451 |   85.549
 Randomize |  140 |    257 |   0.588 |   0.492 |   1.571 |   0.283 |       0.000 |       0.000 |  302.204 |   84.842
 Randomize |  141 |    265 |   0.611 |   0.487 |   1.573 |   0.265 |       0.000 |       0.000 |  296.821 |   88.099
 Randomize |  142 |    227 |   0.581 |   0.493 |   1.564 |   0.274 |       0.000 |       0.000 |  298.141 |   85.862
 Randomize |  143 |    245 |   0.624 |   0.484 |   1.535 |   0.287 |       0.000 |       0.000 |  290.643 |   93.629
 Randomize |  144 |    269 |   0.625 |   0.484 |   1.588 |   0.262 |       0.000 |       0.000 |  297.080 |   85.902
 Randomize |  145 |    239 |   0.565 |   0.496 |   1.558 |   0.254 |       0.000 |       0.000 |  288.814 |   89.316
 Randomize |  146 |    250 |   0.564 |   0.496 |   1.532 |   0.258 |       0.000 |       0.000 |  298.648 |   86.817
 Randomize |  147 |    240 |   0.617 |   0.486 |   1.552 |   0.260 |       0.000 |       0.000 |  292.908 |   82.028
 Randomize |  148 |    239 |   0.548 |   0.498 |   1.593 |   0.240 |       0.000 |       0.000 |  301.176 |   83.604
 Randomize |  149 |    239 |   0.644 |   0.479 |   1.576 |   0.238 |       0.000 |       0.000 |  281.734 |   89.096
 Randomize |  150 |    225 |   0.609 |   0.488 |   1.564 |   0.255 |       0.000 |       0.000 |  292.196 |   86.264
 Randomize |  151 |    235 |   0.626 |   0.484 |   1.578 |   0.271 |       0.000 |       0.000 |  291.583 |   86.482
 Randomize |  152 |    249 |   0.610 |   0.488 |   1.542 |   0.241 |       0.000 |       0.000 |  302.349 |   81.178
 Randomize |  153 |    240 |   0.650 |   0.477 |   1.579 |   0.253 |       0.000 |       0.000 |  302.575 |   81.311
 Randomize |  154 |    238 |   0.592 |   0.491 |   1.558 |   0.266 |       0.000 |       0.000 |  306.563 |   81.305
 Randomize |  155 |    236 |   0.682 |   0.466 |   1.593 |   0.256 |       0.000 |       0.000 |  298.030 |   87.877
 Randomize |  156 |    235 |   0.621 |   0.485 |   1.574 |   0.246 |       0.000 |       0.000 |  297.398 |   87.785
 Randomize |  157 |    276 |   0.652 |   0.476 |   1.555 |   0.244 |       0.000 |       0.000 |  299.513 |   84.167
 Randomize |  158 |    254 |   0.610 |   0.488 |   1.595 |   0.228 |       0.000 |       0.000 |  298.459 |   80.608
 Randomize |  159 |    255 |   0.576 |   0.494 |   1.605 |   0.282 |       0.000 |       0.000 |  296.318 |   84.286
 Randomize |  160 |    256 |   0.598 |   0.490 |   1.561 |   0.245 |       0.000 |       0.000 |  296.555 |   81.738
 Randomize |  161 |    233 |   0.618 |   0.486 |   1.557 |   0.256 |       0.000 |       0.000 |  296.464 |   82.949
 Randomize |  162 |    272 |   0.647 |   0.478 |   1.578 |   0.241 |       0.000 |       0.000 |  287.208 |   87.213
 Randomize |  163 |    239 |   0.603 |   0.489 |   1.584 |   0.244 |       0.000 |       0.000 |  308.824 |   79.980
 Randomize |  164 |    245 |   0.633 |   0.482 |   1.577 |   0.258 |       0.000 |       0.000 |  292.400 |   83.605
 Randomize |  165 |    254 |   0.665 |   0.472 |   1.583 |   0.245 |       0.000 |       0.000 |  295.305 |   81.370
 Randomize |  166 |    242 |   0.649 |   0.477 |   1.600 |   0.237 |       0.000 |       0.000 |  291.630 |   84.704
 Randomize |  167 |    235 |   0.626 |   0.484 |   1.566 |   0.255 |       0.000 |       0.000 |  301.081 |   85.518
 Randomize |  168 |    238 |   0.634 |   0.482 |   1.553 |   0.244 |       0.000 |       0.000 |  295.639 |   84.353
 Randomize |  169 |    253 |   0.609 |   0.488 |   1.550 |   0.245 |       0.000 |       0.000 |  292.800 |   86.738
 Randomize |  170 |    264 |   0.663 |   0.473 |   1.587 |   0.248 |       0.000 |       0.000 |  289.466 |   79.903
 Randomize |  171 |    253 |   0.668 |   0.471 |   1.551 |   0.277 |       0.000 |       0.000 |  293.069 |   86.599
 Randomize |  172 |    228 |   0.649 |   0.477 |   1.587 |   0.241 |       0.000 |       0.000 |  291.018 |   86.522
 Randomize |  173 |    254 |   0.575 |   0.494 |   1.581 |   0.249 |       0.000 |       0.000 |  282.850 |   87.031
 Randomize |  174 |    271 |   0.661 |   0.474 |   1.566 |   0.242 |       0.000 |       0.000 |  294.804 |   81.209
 Randomize |  175 |    235 |   0.557 |   0.497 |   1.565 |   0.249 |       0.000 |       0.000 |  296.626 |   86.127
 Randomize |  176 |    247 |   0.615 |   0.487 |   1.560 |   0.227 |       0.000 |       0.000 |  299.045 |   82.542
 Randomize |  177 |    231 |   0.628 |   0.483 |   1.594 |   0.229 |       0.000 |       0.000 |  307.903 |   76.504
 Randomize |  178 |    248 |   0.633 |   0.482 |   1.595 |   0.252 |       0.000 |       0.000 |  296.869 |   82.100
 Randomize |  179 |    271 |   0.609 |   0.488 |   1.586 |   0.226 |       0.000 |       0.000 |  293.203 |   82.857
 Randomize |  180 |    241 |   0.593 |   0.491 |   1.584 |   0.238 |       0.000 |       0.000 |  288.600 |   86.499
 Randomize |  181 |    248 |   0.609 |   0.488 |   1.579 |   0.281 |       0.000 |       0.000 |  296.329 |   81.602
 Randomize |  182 |    237 |   0.633 |   0.482 |   1.576 |   0.249 |       0.000 |       0.000 |  295.397 |   79.747
 Randomize |  183 |    245 |   0.584 |   0.493 |   1.568 |   0.245 |       0.000 |       0.000 |  293.904 |   79.066
 Randomize |  184 |    257 |   0.677 |   0.468 |   1.601 |   0.251 |       0.000 |       0.000 |  290.196 |   79.163
 Randomize |  185 |    226 |   0.650 |   0.477 |   1.545 |   0.253 |       0.000 |       0.000 |  287.785 |   82.490
 Randomize |  186 |    253 |   0.609 |   0.488 |   1.583 |   0.251 |       0.000 |       0.000 |  288.976 |   92.167
 Randomize |  187 |    232 |   0.612 |   0.487 |   1.567 |   0.250 |       0.000 |       0.000 |  294.659 |   81.844
 Randomize |  188 |    235 |   0.553 |   0.497 |   1.598 |   0.247 |       0.000 |       0.000 |  294.591 |   84.252
 Randomize |  189 |    245 |   0.604 |   0.489 |   1.592 |   0.231 |       0.000 |       0.000 |  288.751 |   87.028
 Randomize |  190 |    260 |   0.592 |   0.491 |   1.606 |     nan |       0.004 |       0.062 |  279.244 |   85.368
 Randomize |  191 |    228 |   0.579 |   0.494 |   1.588 |   0.238 |       0.000 |       0.000 |  287.406 |   85.110
 Randomize |  192 |    243 |   0.613 |   0.487 |   1.608 |   0.247 |       0.000 |       0.000 |  287.037 |   80.731
 Randomize |  193 |    247 |   0.680 |   0.466 |   1.602 |   0.233 |       0.000 |       0.000 |  284.494 |   86.093
 Randomize |  194 |    260 |   0.650 |   0.477 |   1.582 |   0.239 |       0.000 |       0.000 |  289.065 |   80.069
 Randomize |  195 |    239 |   0.611 |   0.488 |   1.551 |   0.252 |       0.000 |       0.000 |  293.820 |   81.524
 Randomize |  196 |    253 |   0.557 |   0.497 |   1.587 |   0.242 |       0.000 |       0.000 |  286.682 |   78.711
 Randomize |  197 |    236 |   0.627 |   0.484 |   1.562 |   0.240 |       0.000 |       0.000 |  295.960 |   78.669
 Randomize |  198 |    226 |   0.593 |   0.491 |   1.539 |   0.247 |       0.000 |       0.000 |  292.429 |   84.438
 Randomize |  199 |    252 |   0.599 |   0.490 |   1.568 |   0.238 |       0.000 |       0.000 |  288.694 |   79.457
