Experiment Results - 20250810_200028
==================================================
n_online_list: [200]
n_runs: 1000
alpha: 0.4
M: 1000
==================================================

Per-t selection conditional statistics (mean/std across simulations):
    Method |    t |  Count | CovMean |  CovStd | LenMedian |  LenStd | InfFracMean |  InfFracStd |  CalMean |   CalStd
------------------------------------------------------------------------------------------------------
     Upper |    0 |   1000 |   1.000 |   0.000 |     inf |     nan |       1.000 |       0.000 |    0.000 |    0.000
     Upper |    1 |    356 |   1.000 |   0.000 |     inf |     nan |       1.000 |       0.000 |    0.000 |    0.000
     Upper |    2 |    531 |   1.000 |   0.000 |     inf |     nan |       1.000 |       0.000 |    3.819 |    0.831
     Upper |    3 |    310 |   1.000 |   0.000 |     inf |     nan |       1.000 |       0.000 |   10.916 |    3.440
     Upper |    4 |    458 |   1.000 |   0.000 |     inf |     nan |       1.000 |       0.000 |   68.175 |   11.402
     Upper |    5 |    279 |   1.000 |   0.000 |     inf |     nan |       1.000 |       0.000 |  323.011 |   82.381
     Upper |    6 |    413 |   1.000 |   0.000 |     inf |     nan |       1.000 |       0.000 |  524.172 |  101.243
     Upper |    7 |    271 |   1.000 |   0.000 |     inf |     nan |       1.000 |       0.000 |  444.590 |  103.789
     Upper |    8 |    363 |   1.000 |   0.000 |     inf |     nan |       1.000 |       0.000 |  487.025 |  115.594
     Upper |    9 |    304 |   1.000 |   0.000 |     inf |     nan |       1.000 |       0.000 |  425.135 |  106.461
     Upper |   10 |    361 |   0.992 |   0.091 |     inf |     nan |       0.964 |       0.186 |  483.601 |   93.275
     Upper |   11 |    258 |   0.992 |   0.088 |     inf |     nan |       0.930 |       0.255 |  418.384 |  109.655
     Upper |   12 |    306 |   0.915 |   0.279 |     inf |     nan |       0.539 |       0.498 |  470.062 |   93.123
     Upper |   13 |    256 |   0.953 |   0.211 |     inf |     nan |       0.617 |       0.486 |  413.016 |  100.935
     Upper |   14 |    356 |   0.876 |   0.329 |   3.495 |     nan |       0.331 |       0.471 |  457.062 |   97.481
     Upper |   15 |    256 |   0.910 |   0.286 |   3.739 |     nan |       0.398 |       0.490 |  406.730 |  110.447
     Upper |   16 |    336 |   0.896 |   0.305 |   2.978 |     nan |       0.238 |       0.426 |  444.762 |  103.484
     Upper |   17 |    265 |   0.887 |   0.317 |   3.386 |     nan |       0.313 |       0.464 |  397.857 |  106.776
     Upper |   18 |    309 |   0.851 |   0.356 |   2.762 |     nan |       0.194 |       0.396 |  430.540 |  106.231
     Upper |   19 |    260 |   0.931 |   0.254 |   2.840 |     nan |       0.242 |       0.428 |  388.485 |  106.982
     Upper |   20 |    296 |   0.831 |   0.375 |   2.660 |     nan |       0.186 |       0.389 |  415.233 |  110.267
     Upper |   21 |    281 |   0.883 |   0.322 |   2.620 |     nan |       0.117 |       0.322 |  405.039 |   88.633
     Upper |   22 |    308 |   0.867 |   0.340 |   2.439 |     nan |       0.127 |       0.333 |  422.497 |  101.463
     Upper |   23 |    249 |   0.847 |   0.360 |   2.485 |     nan |       0.141 |       0.348 |  394.470 |  101.225
     Upper |   24 |    296 |   0.831 |   0.375 |   2.312 |     nan |       0.071 |       0.257 |  425.416 |   92.083
     Upper |   25 |    264 |   0.830 |   0.376 |   2.455 |     nan |       0.102 |       0.303 |  384.288 |  101.935
     Upper |   26 |    309 |   0.754 |   0.431 |   2.248 |     nan |       0.071 |       0.257 |  410.149 |   99.213
     Upper |   27 |    246 |   0.821 |   0.383 |   2.414 |     nan |       0.106 |       0.307 |  379.415 |   97.416
     Upper |   28 |    303 |   0.805 |   0.396 |   2.274 |     nan |       0.050 |       0.217 |  409.314 |   98.772
     Upper |   29 |    250 |   0.848 |   0.359 |   2.285 |     nan |       0.080 |       0.271 |  380.100 |   97.722
     Upper |   30 |    301 |   0.787 |   0.409 |   2.190 |     nan |       0.076 |       0.266 |  394.233 |  101.743
     Upper |   31 |    267 |   0.835 |   0.371 |   2.292 |     nan |       0.105 |       0.306 |  367.581 |  108.982
     Upper |   32 |    283 |   0.795 |   0.404 |   2.169 |     nan |       0.046 |       0.209 |  394.951 |   94.674
     Upper |   33 |    254 |   0.772 |   0.420 |   2.282 |     nan |       0.071 |       0.257 |  362.331 |  103.284
     Upper |   34 |    283 |   0.827 |   0.378 |   2.197 |     nan |       0.049 |       0.217 |  379.972 |  104.985
     Upper |   35 |    250 |   0.768 |   0.422 |   2.174 |     nan |       0.060 |       0.237 |  369.292 |   96.808
     Upper |   36 |    278 |   0.752 |   0.432 |   2.190 |     nan |       0.047 |       0.211 |  380.133 |   97.306
     Upper |   37 |    239 |   0.837 |   0.370 |   2.150 |     nan |       0.050 |       0.218 |  368.519 |   97.867
     Upper |   38 |    273 |   0.758 |   0.428 |   2.033 |     nan |       0.037 |       0.188 |  385.377 |   96.166
     Upper |   39 |    224 |   0.781 |   0.413 |   2.070 |     nan |       0.062 |       0.242 |  352.170 |  106.418
     Upper |   40 |    239 |   0.770 |   0.421 |   2.023 |     nan |       0.050 |       0.218 |  366.908 |  107.611
     Upper |   41 |    245 |   0.804 |   0.397 |   2.074 |     nan |       0.061 |       0.240 |  358.412 |   99.774
     Upper |   42 |    268 |   0.787 |   0.409 |   2.016 |     nan |       0.052 |       0.223 |  362.060 |  102.620
     Upper |   43 |    255 |   0.761 |   0.427 |   2.034 |     nan |       0.047 |       0.212 |  349.298 |  101.155
     Upper |   44 |    278 |   0.755 |   0.430 |   2.033 |     nan |       0.025 |       0.157 |  360.550 |   99.036
     Upper |   45 |    254 |   0.756 |   0.430 |   2.090 |     nan |       0.047 |       0.212 |  346.827 |   98.308
     Upper |   46 |    267 |   0.757 |   0.429 |   2.019 |     nan |       0.034 |       0.180 |  358.622 |   97.291
     Upper |   47 |    235 |   0.770 |   0.421 |   2.035 |     nan |       0.038 |       0.192 |  347.549 |   97.178
     Upper |   48 |    272 |   0.713 |   0.452 |   1.961 |     nan |       0.018 |       0.134 |  361.540 |   97.618
     Upper |   49 |    212 |   0.741 |   0.438 |   2.001 |     nan |       0.038 |       0.191 |  353.349 |   90.264
     Upper |   50 |    255 |   0.722 |   0.448 |   1.954 |     nan |       0.051 |       0.220 |  355.643 |  104.314
     Upper |   51 |    231 |   0.714 |   0.452 |   1.935 |     nan |       0.052 |       0.222 |  339.532 |  105.334
     Upper |   52 |    261 |   0.720 |   0.449 |   1.903 |     nan |       0.031 |       0.172 |  355.295 |   93.528
     Upper |   53 |    234 |   0.735 |   0.441 |   1.964 |     nan |       0.030 |       0.170 |  339.321 |  102.294
     Upper |   54 |    280 |   0.693 |   0.461 |   1.968 |     nan |       0.039 |       0.194 |  346.714 |  102.111
     Upper |   55 |    227 |   0.767 |   0.423 |   1.922 |     nan |       0.018 |       0.132 |  340.956 |   95.086
     Upper |   56 |    263 |   0.681 |   0.466 |   1.911 |     nan |       0.027 |       0.161 |  347.859 |  102.427
     Upper |   57 |    234 |   0.726 |   0.446 |   1.853 |     nan |       0.030 |       0.170 |  340.765 |   91.853
     Upper |   58 |    263 |   0.681 |   0.466 |   1.876 |     nan |       0.027 |       0.161 |  349.707 |   99.180
     Upper |   59 |    231 |   0.701 |   0.458 |   1.929 |     nan |       0.039 |       0.194 |  335.775 |   96.893
     Upper |   60 |    256 |   0.730 |   0.444 |   1.916 |     nan |       0.020 |       0.138 |  346.426 |   93.372
     Upper |   61 |    219 |   0.753 |   0.431 |   1.939 |     nan |       0.023 |       0.149 |  332.037 |   91.441
     Upper |   62 |    258 |   0.694 |   0.461 |   1.896 |     nan |       0.023 |       0.151 |  345.171 |   96.965
     Upper |   63 |    223 |   0.677 |   0.468 |   1.867 |     nan |       0.022 |       0.148 |  336.596 |   94.893
     Upper |   64 |    232 |   0.711 |   0.453 |   1.869 |     nan |       0.017 |       0.130 |  333.328 |  103.290
     Upper |   65 |    218 |   0.739 |   0.439 |   1.930 |     nan |       0.014 |       0.116 |  329.404 |   95.423
     Upper |   66 |    234 |   0.628 |   0.483 |   1.834 |   0.587 |       0.000 |       0.000 |  345.269 |   88.954
     Upper |   67 |    224 |   0.661 |   0.473 |   1.853 |     nan |       0.022 |       0.148 |  327.714 |   93.366
     Upper |   68 |    270 |   0.681 |   0.466 |   1.857 |     nan |       0.011 |       0.105 |  335.678 |   92.035
     Upper |   69 |    233 |   0.687 |   0.464 |   1.876 |     nan |       0.013 |       0.113 |  329.026 |   88.282
     Upper |   70 |    249 |   0.707 |   0.455 |   1.865 |     nan |       0.016 |       0.126 |  334.944 |   92.668
     Upper |   71 |    210 |   0.724 |   0.447 |   1.859 |     nan |       0.014 |       0.119 |  323.214 |   94.953
     Upper |   72 |    254 |   0.646 |   0.478 |   1.814 |   0.530 |       0.000 |       0.000 |  336.398 |   87.892
     Upper |   73 |    219 |   0.703 |   0.457 |   1.873 |     nan |       0.014 |       0.116 |  328.767 |   95.672
     Upper |   74 |    247 |   0.692 |   0.462 |   1.850 |     nan |       0.032 |       0.177 |  326.113 |   97.996
     Upper |   75 |    203 |   0.783 |   0.412 |   1.890 |     nan |       0.020 |       0.139 |  322.246 |   98.058
     Upper |   76 |    266 |   0.722 |   0.448 |   1.878 |     nan |       0.011 |       0.106 |  335.248 |   89.719
     Upper |   77 |    237 |   0.717 |   0.450 |   1.879 |     nan |       0.004 |       0.065 |  324.051 |   90.845
     Upper |   78 |    236 |   0.725 |   0.447 |   1.868 |     nan |       0.004 |       0.065 |  336.771 |   86.231
     Upper |   79 |    231 |   0.615 |   0.487 |   1.850 |     nan |       0.004 |       0.066 |  334.420 |   82.713
     Upper |   80 |    267 |   0.708 |   0.455 |   1.776 |     nan |       0.007 |       0.086 |  321.157 |   94.474
     Upper |   81 |    227 |   0.674 |   0.469 |   1.857 |     nan |       0.022 |       0.147 |  314.093 |   95.854
     Upper |   82 |    245 |   0.669 |   0.470 |   1.787 |     nan |       0.012 |       0.110 |  338.763 |   84.753
     Upper |   83 |    240 |   0.717 |   0.451 |   1.881 |     nan |       0.017 |       0.128 |  311.154 |   95.826
     Upper |   84 |    248 |   0.665 |   0.472 |   1.795 |     nan |       0.008 |       0.089 |  326.028 |   91.189
     Upper |   85 |    236 |   0.742 |   0.438 |   1.837 |     nan |       0.013 |       0.112 |  307.225 |   92.160
     Upper |   86 |    229 |   0.624 |   0.484 |   1.739 |     nan |       0.009 |       0.093 |  334.358 |   85.420
     Upper |   87 |    211 |   0.654 |   0.476 |   1.760 |   0.471 |       0.000 |       0.000 |  324.976 |   84.210
     Upper |   88 |    261 |   0.693 |   0.461 |   1.763 |     nan |       0.008 |       0.087 |  328.360 |   89.435
     Upper |   89 |    216 |   0.685 |   0.464 |   1.804 |     nan |       0.005 |       0.068 |  325.801 |   84.662
     Upper |   90 |    248 |   0.661 |   0.473 |   1.793 |     nan |       0.012 |       0.109 |  335.363 |   87.498
     Upper |   91 |    217 |   0.677 |   0.467 |   1.825 |     nan |       0.005 |       0.068 |  311.530 |   87.709
     Upper |   92 |    240 |   0.650 |   0.477 |   1.746 |     nan |       0.004 |       0.064 |  327.175 |   86.201
     Upper |   93 |    226 |   0.690 |   0.462 |   1.776 |     nan |       0.022 |       0.147 |  313.566 |   93.341
     Upper |   94 |    237 |   0.662 |   0.473 |   1.827 |   0.460 |       0.000 |       0.000 |  331.671 |   91.244
     Upper |   95 |    234 |   0.632 |   0.482 |   1.770 |     nan |       0.009 |       0.092 |  311.043 |   91.286
     Upper |   96 |    243 |   0.691 |   0.462 |   1.813 |   0.421 |       0.000 |       0.000 |  326.296 |   84.389
     Upper |   97 |    214 |   0.706 |   0.456 |   1.787 |     nan |       0.005 |       0.068 |  314.729 |   87.402
     Upper |   98 |    272 |   0.688 |   0.464 |   1.802 |   0.487 |       0.000 |       0.000 |  321.287 |   86.766
     Upper |   99 |    245 |   0.678 |   0.467 |   1.766 |     nan |       0.012 |       0.110 |  309.886 |   86.786
     Upper |  100 |    255 |   0.714 |   0.452 |   1.774 |   0.517 |       0.000 |       0.000 |  319.984 |   83.850
     Upper |  101 |    253 |   0.676 |   0.468 |   1.768 |     nan |       0.008 |       0.089 |  309.791 |   82.941
     Upper |  102 |    261 |   0.701 |   0.458 |   1.760 |     nan |       0.011 |       0.107 |  320.858 |   88.778
     Upper |  103 |    220 |   0.691 |   0.462 |   1.788 |     nan |       0.005 |       0.067 |  310.818 |   92.285
     Upper |  104 |    253 |   0.696 |   0.460 |   1.815 |     nan |       0.008 |       0.089 |  314.016 |   91.419
     Upper |  105 |    225 |   0.676 |   0.468 |   1.778 |     nan |       0.004 |       0.067 |  306.680 |   91.644
     Upper |  106 |    238 |   0.685 |   0.465 |   1.804 |   0.413 |       0.000 |       0.000 |  320.445 |   87.075
     Upper |  107 |    221 |   0.633 |   0.482 |   1.786 |     nan |       0.005 |       0.067 |  310.005 |   83.038
     Upper |  108 |    265 |   0.709 |   0.454 |   1.760 |     nan |       0.011 |       0.106 |  314.721 |   84.933
     Upper |  109 |    225 |   0.653 |   0.476 |   1.833 |   0.572 |       0.000 |       0.000 |  294.582 |   89.259
     Upper |  110 |    255 |   0.627 |   0.483 |   1.755 |     nan |       0.004 |       0.062 |  317.471 |   80.670
     Upper |  111 |    225 |   0.689 |   0.463 |   1.793 |   0.419 |       0.000 |       0.000 |  303.084 |   83.155
     Upper |  112 |    250 |   0.720 |   0.449 |   1.764 |     nan |       0.004 |       0.063 |  307.528 |   85.426
     Upper |  113 |    238 |   0.681 |   0.466 |   1.780 |     nan |       0.017 |       0.129 |  296.063 |   91.038
     Upper |  114 |    253 |   0.719 |   0.449 |   1.742 |     nan |       0.004 |       0.063 |  307.292 |   88.495
     Upper |  115 |    236 |   0.695 |   0.460 |   1.806 |   0.443 |       0.000 |       0.000 |  297.271 |   87.079
     Upper |  116 |    242 |   0.628 |   0.483 |   1.760 |     nan |       0.008 |       0.091 |  308.971 |   87.344
     Upper |  117 |    223 |   0.623 |   0.485 |   1.821 |     nan |       0.009 |       0.094 |  302.314 |   86.606
     Upper |  118 |    249 |   0.651 |   0.477 |   1.804 |     nan |       0.008 |       0.089 |  317.984 |   85.298
     Upper |  119 |    238 |   0.592 |   0.491 |   1.750 |     nan |       0.004 |       0.065 |  312.105 |   87.877
     Upper |  120 |    240 |   0.637 |   0.481 |   1.745 |     nan |       0.013 |       0.111 |  316.792 |   85.394
     Upper |  121 |    232 |   0.707 |   0.455 |   1.784 |   0.438 |       0.000 |       0.000 |  300.845 |   79.716
     Upper |  122 |    243 |   0.687 |   0.464 |   1.748 |   0.371 |       0.000 |       0.000 |  317.214 |   80.731
     Upper |  123 |    206 |   0.718 |   0.450 |   1.764 |   0.381 |       0.000 |       0.000 |  313.845 |   88.315
     Upper |  124 |    253 |   0.664 |   0.472 |   1.758 |     nan |       0.016 |       0.125 |  311.502 |   87.453
     Upper |  125 |    221 |   0.656 |   0.475 |   1.772 |   0.376 |       0.000 |       0.000 |  306.249 |   85.027
     Upper |  126 |    235 |   0.715 |   0.451 |   1.714 |     nan |       0.004 |       0.065 |  312.532 |   85.483
     Upper |  127 |    249 |   0.675 |   0.468 |   1.775 |     nan |       0.004 |       0.063 |  307.124 |   85.721
     Upper |  128 |    234 |   0.662 |   0.473 |   1.740 |     nan |       0.013 |       0.112 |  306.325 |   90.440
     Upper |  129 |    246 |   0.675 |   0.468 |   1.755 |   0.446 |       0.000 |       0.000 |  298.679 |   85.777
     Upper |  130 |    243 |   0.687 |   0.464 |   1.720 |     nan |       0.004 |       0.064 |  317.095 |   79.974
     Upper |  131 |    228 |   0.632 |   0.482 |   1.707 |   0.343 |       0.000 |       0.000 |  308.478 |   80.018
     Upper |  132 |    225 |   0.636 |   0.481 |   1.779 |   0.431 |       0.000 |       0.000 |  310.240 |   88.680
     Upper |  133 |    231 |   0.658 |   0.474 |   1.782 |     nan |       0.009 |       0.093 |  296.203 |   85.157
     Upper |  134 |    285 |   0.656 |   0.475 |   1.749 |     nan |       0.004 |       0.059 |  313.446 |   81.101
     Upper |  135 |    251 |   0.665 |   0.472 |   1.746 |   0.349 |       0.000 |       0.000 |  297.135 |   80.450
     Upper |  136 |    258 |   0.663 |   0.473 |   1.726 |   0.322 |       0.000 |       0.000 |  315.891 |   75.163
     Upper |  137 |    236 |   0.686 |   0.464 |   1.727 |   0.445 |       0.000 |       0.000 |  307.699 |   77.776
     Upper |  138 |    263 |   0.703 |   0.457 |   1.691 |     nan |       0.008 |       0.087 |  311.506 |   85.529
     Upper |  139 |    255 |   0.678 |   0.467 |   1.713 |   0.397 |       0.000 |       0.000 |  297.933 |   83.923
     Upper |  140 |    247 |   0.603 |   0.489 |   1.697 |     nan |       0.004 |       0.063 |  312.061 |   80.990
     Upper |  141 |    258 |   0.694 |   0.461 |   1.753 |     nan |       0.004 |       0.062 |  296.547 |   85.539
     Upper |  142 |    238 |   0.643 |   0.479 |   1.708 |     nan |       0.004 |       0.065 |  300.504 |   87.423
     Upper |  143 |    252 |   0.690 |   0.462 |   1.755 |     nan |       0.004 |       0.063 |  296.984 |   82.963
     Upper |  144 |    263 |   0.681 |   0.466 |   1.680 |   0.331 |       0.000 |       0.000 |  311.190 |   78.179
     Upper |  145 |    231 |   0.641 |   0.480 |   1.763 |     nan |       0.009 |       0.093 |  289.905 |   88.899
     Upper |  146 |    260 |   0.638 |   0.480 |   1.715 |     nan |       0.004 |       0.062 |  302.496 |   83.306
     Upper |  147 |    237 |   0.684 |   0.465 |   1.728 |   0.361 |       0.000 |       0.000 |  290.156 |   79.276
     Upper |  148 |    240 |   0.637 |   0.481 |   1.724 |   0.330 |       0.000 |       0.000 |  309.900 |   76.204
     Upper |  149 |    241 |   0.710 |   0.454 |   1.709 |   0.376 |       0.000 |       0.000 |  287.108 |   86.733
     Upper |  150 |    225 |   0.676 |   0.468 |   1.737 |     nan |       0.004 |       0.067 |  300.004 |   85.048
     Upper |  151 |    235 |   0.681 |   0.466 |   1.746 |     nan |       0.004 |       0.065 |  289.477 |   90.946
     Upper |  152 |    248 |   0.657 |   0.475 |   1.686 |   0.406 |       0.000 |       0.000 |  314.286 |   76.813
     Upper |  153 |    235 |   0.694 |   0.461 |   1.709 |     nan |       0.009 |       0.092 |  305.991 |   77.783
     Upper |  154 |    247 |   0.603 |   0.489 |   1.678 |     nan |       0.004 |       0.063 |  318.105 |   73.516
     Upper |  155 |    217 |   0.705 |   0.456 |   1.711 |     nan |       0.009 |       0.096 |  300.954 |   85.682
     Upper |  156 |    244 |   0.705 |   0.456 |   1.728 |   0.392 |       0.000 |       0.000 |  304.508 |   82.697
     Upper |  157 |    256 |   0.691 |   0.462 |   1.718 |   0.285 |       0.000 |       0.000 |  308.793 |   74.635
     Upper |  158 |    256 |   0.664 |   0.472 |   1.717 |   0.312 |       0.000 |       0.000 |  306.836 |   76.249
     Upper |  159 |    237 |   0.595 |   0.491 |   1.765 |   0.461 |       0.000 |       0.000 |  293.852 |   86.286
     Upper |  160 |    260 |   0.704 |   0.457 |   1.692 |     nan |       0.004 |       0.062 |  307.946 |   77.570
     Upper |  161 |    234 |   0.641 |   0.480 |   1.720 |   0.297 |       0.000 |       0.000 |  295.363 |   85.437
     Upper |  162 |    279 |   0.681 |   0.466 |   1.690 |   0.375 |       0.000 |       0.000 |  293.409 |   80.971
     Upper |  163 |    241 |   0.676 |   0.468 |   1.706 |     nan |       0.008 |       0.091 |  303.676 |   81.075
     Upper |  164 |    234 |   0.645 |   0.478 |   1.673 |   0.328 |       0.000 |       0.000 |  302.829 |   79.388
     Upper |  165 |    228 |   0.675 |   0.468 |   1.692 |     nan |       0.004 |       0.066 |  292.224 |   83.782
     Upper |  166 |    244 |   0.668 |   0.471 |   1.731 |     nan |       0.008 |       0.090 |  301.320 |   81.321
     Upper |  167 |    229 |   0.686 |   0.464 |   1.696 |   0.341 |       0.000 |       0.000 |  300.323 |   87.820
     Upper |  168 |    226 |   0.646 |   0.478 |   1.695 |     nan |       0.004 |       0.066 |  304.748 |   84.098
     Upper |  169 |    248 |   0.617 |   0.486 |   1.715 |   0.304 |       0.000 |       0.000 |  294.440 |   79.212
     Upper |  170 |    268 |   0.713 |   0.453 |   1.704 |   0.365 |       0.000 |       0.000 |  293.183 |   81.889
     Upper |  171 |    240 |   0.704 |   0.456 |   1.711 |     nan |       0.004 |       0.064 |  293.158 |   82.601
     Upper |  172 |    253 |   0.676 |   0.468 |   1.697 |   0.303 |       0.000 |       0.000 |  297.020 |   84.621
     Upper |  173 |    249 |   0.627 |   0.484 |   1.700 |     nan |       0.008 |       0.089 |  283.767 |   87.035
     Upper |  174 |    277 |   0.664 |   0.472 |   1.693 |     nan |       0.004 |       0.060 |  297.144 |   83.242
     Upper |  175 |    233 |   0.627 |   0.484 |   1.685 |   0.299 |       0.000 |       0.000 |  298.918 |   80.824
     Upper |  176 |    247 |   0.680 |   0.466 |   1.704 |   0.297 |       0.000 |       0.000 |  306.036 |   78.998
     Upper |  177 |    239 |   0.661 |   0.473 |   1.714 |   0.284 |       0.000 |       0.000 |  302.845 |   74.970
     Upper |  178 |    250 |   0.640 |   0.480 |   1.694 |   0.319 |       0.000 |       0.000 |  304.328 |   81.448
     Upper |  179 |    253 |   0.668 |   0.471 |   1.758 |   0.299 |       0.000 |       0.000 |  291.348 |   84.275
     Upper |  180 |    237 |   0.654 |   0.476 |   1.695 |   0.293 |       0.000 |       0.000 |  292.084 |   84.791
     Upper |  181 |    243 |   0.671 |   0.470 |   1.709 |   0.351 |       0.000 |       0.000 |  293.654 |   81.692
     Upper |  182 |    246 |   0.659 |   0.474 |   1.709 |     nan |       0.004 |       0.064 |  298.939 |   82.267
     Upper |  183 |    255 |   0.612 |   0.487 |   1.711 |     nan |       0.004 |       0.062 |  287.616 |   81.994
     Upper |  184 |    260 |   0.677 |   0.468 |   1.685 |   0.321 |       0.000 |       0.000 |  296.535 |   81.194
     Upper |  185 |    226 |   0.699 |   0.459 |   1.692 |   0.315 |       0.000 |       0.000 |  289.168 |   81.237
     Upper |  186 |    247 |   0.636 |   0.481 |   1.677 |     nan |       0.004 |       0.063 |  296.838 |   90.554
     Upper |  187 |    229 |   0.642 |   0.479 |   1.683 |   0.293 |       0.000 |       0.000 |  292.319 |   83.192
     Upper |  188 |    242 |   0.603 |   0.489 |   1.687 |     nan |       0.004 |       0.064 |  301.128 |   80.662
     Upper |  189 |    242 |   0.657 |   0.475 |   1.706 |     nan |       0.008 |       0.091 |  288.566 |   87.135
     Upper |  190 |    249 |   0.655 |   0.475 |   1.726 |     nan |       0.004 |       0.063 |  289.719 |   81.794
     Upper |  191 |    208 |   0.630 |   0.483 |   1.708 |   0.281 |       0.000 |       0.000 |  290.649 |   80.540
     Upper |  192 |    242 |   0.657 |   0.475 |   1.715 |   0.348 |       0.000 |       0.000 |  294.826 |   77.648
     Upper |  193 |    231 |   0.688 |   0.463 |   1.698 |     nan |       0.004 |       0.066 |  288.277 |   84.913
     Upper |  194 |    260 |   0.704 |   0.457 |   1.719 |     nan |       0.004 |       0.062 |  298.046 |   77.438
     Upper |  195 |    232 |   0.659 |   0.474 |   1.695 |   0.331 |       0.000 |       0.000 |  288.582 |   83.847
     Upper |  196 |    251 |   0.614 |   0.487 |   1.685 |   0.266 |       0.000 |       0.000 |  295.514 |   72.412
     Upper |  197 |    234 |   0.662 |   0.473 |   1.682 |   0.288 |       0.000 |       0.000 |  298.983 |   77.294
     Upper |  198 |    229 |   0.616 |   0.486 |   1.661 |   0.289 |       0.000 |       0.000 |  298.480 |   82.907
     Upper |  199 |    240 |   0.629 |   0.483 |   1.692 |     nan |       0.013 |       0.111 |  289.538 |   80.441
 Randomize |    0 |   1000 |   1.000 |   0.000 |     inf |     nan |       1.000 |       0.000 |    0.000 |    0.000
 Randomize |    1 |    356 |   1.000 |   0.000 |     inf |     nan |       1.000 |       0.000 |    0.000 |    0.000
 Randomize |    2 |    531 |   0.872 |   0.334 |     inf |     nan |       0.925 |       0.264 |    3.819 |    0.831
 Randomize |    3 |    310 |   0.852 |   0.355 |     inf |     nan |       0.881 |       0.324 |   10.916 |    3.440
 Randomize |    4 |    458 |   0.753 |   0.431 |     inf |     nan |       0.707 |       0.455 |   68.175 |   11.402
 Randomize |    5 |    279 |   0.767 |   0.423 |     inf |     nan |       0.767 |       0.423 |  323.011 |   82.381
 Randomize |    6 |    413 |   0.760 |   0.427 |     inf |     nan |       0.584 |       0.493 |  524.223 |  101.291
 Randomize |    7 |    271 |   0.779 |   0.415 |     inf |     nan |       0.631 |       0.483 |  444.572 |  103.756
 Randomize |    8 |    363 |   0.769 |   0.422 |   3.169 |     nan |       0.477 |       0.499 |  486.851 |  115.598
 Randomize |    9 |    304 |   0.743 |   0.437 |     inf |     nan |       0.523 |       0.499 |  425.099 |  106.552
 Randomize |   10 |    361 |   0.712 |   0.453 |   2.245 |     nan |       0.291 |       0.454 |  483.612 |   93.341
 Randomize |   11 |    258 |   0.744 |   0.436 |   2.451 |     nan |       0.337 |       0.473 |  418.422 |  109.722
 Randomize |   12 |    306 |   0.690 |   0.463 |   2.087 |     nan |       0.176 |       0.381 |  470.167 |   93.308
 Randomize |   13 |    256 |   0.762 |   0.426 |   2.265 |     nan |       0.270 |       0.444 |  412.930 |  101.033
 Randomize |   14 |    356 |   0.618 |   0.486 |   1.898 |     nan |       0.087 |       0.282 |  457.006 |   97.419
 Randomize |   15 |    256 |   0.680 |   0.467 |   2.031 |     nan |       0.156 |       0.363 |  406.574 |  110.345
 Randomize |   16 |    336 |   0.723 |   0.447 |   1.892 |     nan |       0.077 |       0.267 |  444.473 |  103.438
 Randomize |   17 |    265 |   0.691 |   0.462 |   1.899 |     nan |       0.113 |       0.317 |  397.808 |  106.800
 Randomize |   18 |    309 |   0.683 |   0.465 |   1.865 |     nan |       0.071 |       0.257 |  430.515 |  106.124
 Randomize |   19 |    260 |   0.719 |   0.449 |   1.901 |     nan |       0.092 |       0.289 |  388.396 |  106.963
 Randomize |   20 |    296 |   0.703 |   0.457 |   1.802 |     nan |       0.074 |       0.262 |  415.105 |  110.121
 Randomize |   21 |    281 |   0.701 |   0.458 |   1.901 |     nan |       0.018 |       0.132 |  405.142 |   88.834
 Randomize |   22 |    308 |   0.662 |   0.473 |   1.772 |     nan |       0.039 |       0.194 |  422.406 |  101.237
 Randomize |   23 |    249 |   0.679 |   0.467 |   1.826 |     nan |       0.052 |       0.222 |  394.293 |  101.116
 Randomize |   24 |    296 |   0.669 |   0.471 |   1.743 |     nan |       0.020 |       0.141 |  425.429 |   92.149
 Randomize |   25 |    264 |   0.655 |   0.475 |   1.790 |     nan |       0.053 |       0.224 |  384.345 |  101.879
 Randomize |   26 |    309 |   0.625 |   0.484 |   1.708 |     nan |       0.032 |       0.177 |  410.162 |   99.121
 Randomize |   27 |    246 |   0.650 |   0.477 |   1.793 |     nan |       0.028 |       0.166 |  379.439 |   97.393
 Randomize |   28 |    303 |   0.657 |   0.475 |   1.725 |     nan |       0.026 |       0.160 |  409.356 |   98.872
 Randomize |   29 |    250 |   0.692 |   0.462 |   1.715 |     nan |       0.032 |       0.176 |  380.108 |   97.603
 Randomize |   30 |    301 |   0.651 |   0.477 |   1.693 |     nan |       0.040 |       0.196 |  394.189 |  101.665
 Randomize |   31 |    267 |   0.659 |   0.474 |   1.766 |     nan |       0.045 |       0.207 |  367.506 |  108.985
 Randomize |   32 |    283 |   0.675 |   0.468 |   1.723 |     nan |       0.014 |       0.118 |  395.205 |   94.717
 Randomize |   33 |    254 |   0.638 |   0.481 |   1.737 |     nan |       0.028 |       0.164 |  362.028 |  103.276
 Randomize |   34 |    283 |   0.689 |   0.463 |   1.722 |     nan |       0.025 |       0.155 |  380.159 |  105.128
 Randomize |   35 |    250 |   0.600 |   0.490 |   1.712 |     nan |       0.020 |       0.140 |  369.280 |   96.852
 Randomize |   36 |    278 |   0.612 |   0.487 |   1.774 |     nan |       0.014 |       0.119 |  380.266 |   97.468
 Randomize |   37 |    239 |   0.753 |   0.431 |   1.794 |     nan |       0.025 |       0.156 |  368.485 |   97.892
 Randomize |   38 |    273 |   0.645 |   0.479 |   1.671 |     nan |       0.011 |       0.104 |  385.308 |   96.084
 Randomize |   39 |    224 |   0.674 |   0.469 |   1.708 |     nan |       0.018 |       0.132 |  352.125 |  106.418
 Randomize |   40 |    239 |   0.674 |   0.469 |   1.592 |     nan |       0.013 |       0.111 |  367.084 |  107.786
 Randomize |   41 |    245 |   0.673 |   0.469 |   1.587 |     nan |       0.016 |       0.127 |  358.273 |   99.759
 Randomize |   42 |    268 |   0.668 |   0.471 |   1.679 |     nan |       0.026 |       0.159 |  362.239 |  102.541
 Randomize |   43 |    255 |   0.671 |   0.470 |   1.610 |     nan |       0.027 |       0.163 |  349.247 |  101.223
 Randomize |   44 |    278 |   0.655 |   0.475 |   1.668 |     nan |       0.011 |       0.103 |  360.486 |   99.033
 Randomize |   45 |    254 |   0.634 |   0.482 |   1.721 |     nan |       0.020 |       0.139 |  346.819 |   98.313
 Randomize |   46 |    267 |   0.659 |   0.474 |   1.685 |     nan |       0.019 |       0.136 |  358.700 |   97.286
 Randomize |   47 |    235 |   0.638 |   0.480 |   1.643 |     nan |       0.013 |       0.112 |  347.379 |   97.169
 Randomize |   48 |    272 |   0.647 |   0.478 |   1.674 |     nan |       0.004 |       0.061 |  361.504 |   97.758
 Randomize |   49 |    212 |   0.613 |   0.487 |   1.643 |     nan |       0.019 |       0.136 |  353.335 |   90.312
 Randomize |   50 |    255 |   0.604 |   0.489 |   1.625 |     nan |       0.024 |       0.152 |  355.624 |  104.123
 Randomize |   51 |    231 |   0.567 |   0.495 |   1.596 |     nan |       0.035 |       0.183 |  339.667 |  105.476
 Randomize |   52 |    261 |   0.659 |   0.474 |   1.681 |     nan |       0.015 |       0.123 |  355.333 |   93.481
 Randomize |   53 |    234 |   0.637 |   0.481 |   1.588 |     nan |       0.017 |       0.130 |  339.517 |  102.467
 Randomize |   54 |    280 |   0.600 |   0.490 |   1.636 |     nan |       0.018 |       0.132 |  346.818 |  102.398
 Randomize |   55 |    227 |   0.674 |   0.469 |   1.634 |     nan |       0.013 |       0.114 |  341.132 |   95.040
 Randomize |   56 |    263 |   0.612 |   0.487 |   1.598 |     nan |       0.011 |       0.106 |  347.958 |  102.318
 Randomize |   57 |    234 |   0.662 |   0.473 |   1.552 |     nan |       0.013 |       0.112 |  340.607 |   91.592
 Randomize |   58 |    263 |   0.605 |   0.489 |   1.616 |     nan |       0.015 |       0.122 |  349.681 |   99.034
 Randomize |   59 |    231 |   0.632 |   0.482 |   1.595 |     nan |       0.013 |       0.113 |  335.766 |   96.908
 Randomize |   60 |    256 |   0.648 |   0.477 |   1.636 |     nan |       0.004 |       0.062 |  346.320 |   93.421
 Randomize |   61 |    219 |   0.626 |   0.484 |   1.594 |     nan |       0.014 |       0.116 |  331.986 |   91.527
 Randomize |   62 |    258 |   0.570 |   0.495 |   1.590 |     nan |       0.008 |       0.088 |  345.120 |   97.055
 Randomize |   63 |    223 |   0.601 |   0.490 |   1.628 |     nan |       0.004 |       0.067 |  336.538 |   94.987
 Randomize |   64 |    232 |   0.625 |   0.484 |   1.596 |     nan |       0.013 |       0.113 |  333.108 |  103.316
 Randomize |   65 |    218 |   0.651 |   0.477 |   1.611 |   0.525 |       0.000 |       0.000 |  329.362 |   95.438
 Randomize |   66 |    234 |   0.573 |   0.495 |   1.603 |   0.450 |       0.000 |       0.000 |  345.158 |   89.041
 Randomize |   67 |    224 |   0.598 |   0.490 |   1.572 |     nan |       0.009 |       0.094 |  327.848 |   93.480
 Randomize |   68 |    270 |   0.578 |   0.494 |   1.673 |     nan |       0.004 |       0.061 |  335.715 |   92.028
 Randomize |   69 |    233 |   0.622 |   0.485 |   1.604 |     nan |       0.004 |       0.065 |  329.107 |   88.181
 Randomize |   70 |    249 |   0.627 |   0.484 |   1.633 |     nan |       0.008 |       0.089 |  335.092 |   92.618
 Randomize |   71 |    210 |   0.652 |   0.476 |   1.629 |     nan |       0.014 |       0.119 |  323.210 |   94.783
 Randomize |   72 |    254 |   0.583 |   0.493 |   1.587 |   0.432 |       0.000 |       0.000 |  336.382 |   88.001
 Randomize |   73 |    219 |   0.594 |   0.491 |   1.610 |     nan |       0.005 |       0.067 |  328.817 |   95.724
 Randomize |   74 |    247 |   0.575 |   0.494 |   1.632 |     nan |       0.012 |       0.110 |  326.320 |   97.965
 Randomize |   75 |    203 |   0.719 |   0.449 |   1.634 |     nan |       0.010 |       0.099 |  322.167 |   98.137
 Randomize |   76 |    266 |   0.673 |   0.469 |   1.651 |     nan |       0.004 |       0.061 |  335.383 |   89.715
 Randomize |   77 |    237 |   0.641 |   0.480 |   1.640 |   0.386 |       0.000 |       0.000 |  324.249 |   90.907
 Randomize |   78 |    236 |   0.648 |   0.477 |   1.612 |   0.415 |       0.000 |       0.000 |  336.763 |   86.299
 Randomize |   79 |    231 |   0.571 |   0.495 |   1.634 |     nan |       0.004 |       0.066 |  334.545 |   82.762
 Randomize |   80 |    267 |   0.603 |   0.489 |   1.535 |     nan |       0.004 |       0.061 |  321.243 |   94.347
 Randomize |   81 |    227 |   0.634 |   0.482 |   1.634 |     nan |       0.013 |       0.114 |  314.123 |   95.711
 Randomize |   82 |    245 |   0.620 |   0.485 |   1.568 |     nan |       0.004 |       0.064 |  338.824 |   84.987
 Randomize |   83 |    240 |   0.629 |   0.483 |   1.665 |     nan |       0.013 |       0.111 |  311.071 |   95.884
 Randomize |   84 |    248 |   0.613 |   0.487 |   1.592 |   0.393 |       0.000 |       0.000 |  325.988 |   91.314
 Randomize |   85 |    236 |   0.674 |   0.469 |   1.599 |     nan |       0.004 |       0.065 |  307.212 |   92.207
 Randomize |   86 |    229 |   0.568 |   0.495 |   1.566 |   0.422 |       0.000 |       0.000 |  334.345 |   85.354
 Randomize |   87 |    211 |   0.597 |   0.490 |   1.566 |   0.426 |       0.000 |       0.000 |  324.763 |   84.332
 Randomize |   88 |    261 |   0.625 |   0.484 |   1.592 |     nan |       0.004 |       0.062 |  328.456 |   89.352
 Randomize |   89 |    216 |   0.644 |   0.479 |   1.613 |   0.388 |       0.000 |       0.000 |  325.852 |   84.591
 Randomize |   90 |    248 |   0.617 |   0.486 |   1.570 |     nan |       0.004 |       0.063 |  335.044 |   87.570
 Randomize |   91 |    217 |   0.604 |   0.489 |   1.584 |   0.361 |       0.000 |       0.000 |  311.387 |   87.903
 Randomize |   92 |    240 |   0.604 |   0.489 |   1.571 |   0.394 |       0.000 |       0.000 |  327.229 |   86.210
 Randomize |   93 |    226 |   0.593 |   0.491 |   1.557 |     nan |       0.013 |       0.114 |  313.460 |   93.196
 Randomize |   94 |    237 |   0.599 |   0.490 |   1.608 |   0.334 |       0.000 |       0.000 |  331.722 |   91.080
 Randomize |   95 |    234 |   0.594 |   0.491 |   1.549 |     nan |       0.004 |       0.065 |  310.863 |   91.273
 Randomize |   96 |    243 |   0.630 |   0.483 |   1.629 |   0.363 |       0.000 |       0.000 |  326.370 |   84.426
 Randomize |   97 |    214 |   0.664 |   0.472 |   1.602 |   0.347 |       0.000 |       0.000 |  314.696 |   87.239
 Randomize |   98 |    272 |   0.625 |   0.484 |   1.613 |   0.383 |       0.000 |       0.000 |  321.346 |   87.024
 Randomize |   99 |    245 |   0.637 |   0.481 |   1.587 |     nan |       0.004 |       0.064 |  309.898 |   86.725
 Randomize |  100 |    255 |   0.659 |   0.474 |   1.620 |   0.433 |       0.000 |       0.000 |  320.027 |   83.606
 Randomize |  101 |    253 |   0.621 |   0.485 |   1.622 |   0.404 |       0.000 |       0.000 |  309.708 |   82.800
 Randomize |  102 |    261 |   0.648 |   0.478 |   1.602 |     nan |       0.008 |       0.087 |  320.705 |   88.841
 Randomize |  103 |    220 |   0.627 |   0.484 |   1.567 |   0.369 |       0.000 |       0.000 |  311.005 |   92.341
 Randomize |  104 |    253 |   0.636 |   0.481 |   1.616 |   0.328 |       0.000 |       0.000 |  313.992 |   91.311
 Randomize |  105 |    225 |   0.609 |   0.488 |   1.589 |     nan |       0.004 |       0.067 |  306.711 |   91.631
 Randomize |  106 |    238 |   0.639 |   0.480 |   1.624 |   0.348 |       0.000 |       0.000 |  320.626 |   87.134
 Randomize |  107 |    221 |   0.593 |   0.491 |   1.610 |     nan |       0.005 |       0.067 |  310.109 |   82.914
 Randomize |  108 |    265 |   0.649 |   0.477 |   1.604 |     nan |       0.004 |       0.061 |  314.630 |   84.813
 Randomize |  109 |    225 |   0.622 |   0.485 |   1.647 |   0.449 |       0.000 |       0.000 |  294.649 |   89.205
 Randomize |  110 |    255 |   0.584 |   0.493 |   1.604 |     nan |       0.004 |       0.062 |  317.506 |   80.594
 Randomize |  111 |    225 |   0.631 |   0.483 |   1.644 |   0.359 |       0.000 |       0.000 |  303.098 |   83.311
 Randomize |  112 |    250 |   0.652 |   0.476 |   1.611 |   0.351 |       0.000 |       0.000 |  307.404 |   85.406
 Randomize |  113 |    238 |   0.643 |   0.479 |   1.623 |     nan |       0.013 |       0.112 |  296.122 |   91.239
 Randomize |  114 |    253 |   0.668 |   0.471 |   1.583 |   0.371 |       0.000 |       0.000 |  307.190 |   88.453
 Randomize |  115 |    236 |   0.631 |   0.482 |   1.624 |   0.377 |       0.000 |       0.000 |  297.449 |   87.050
 Randomize |  116 |    242 |   0.587 |   0.492 |   1.604 |     nan |       0.004 |       0.064 |  308.946 |   87.167
 Randomize |  117 |    223 |   0.587 |   0.492 |   1.647 |   0.345 |       0.000 |       0.000 |  302.215 |   86.723
 Randomize |  118 |    249 |   0.590 |   0.492 |   1.635 |     nan |       0.004 |       0.063 |  317.932 |   85.236
 Randomize |  119 |    238 |   0.550 |   0.497 |   1.577 |   0.355 |       0.000 |       0.000 |  312.063 |   88.112
 Randomize |  120 |    240 |   0.613 |   0.487 |   1.626 |     nan |       0.008 |       0.091 |  316.938 |   85.157
 Randomize |  121 |    232 |   0.655 |   0.475 |   1.632 |   0.321 |       0.000 |       0.000 |  300.720 |   79.760
 Randomize |  122 |    243 |   0.642 |   0.479 |   1.607 |   0.328 |       0.000 |       0.000 |  317.070 |   80.756
 Randomize |  123 |    206 |   0.680 |   0.467 |   1.561 |   0.338 |       0.000 |       0.000 |  314.029 |   88.266
 Randomize |  124 |    253 |   0.625 |   0.484 |   1.605 |     nan |       0.012 |       0.108 |  311.498 |   87.454
 Randomize |  125 |    221 |   0.611 |   0.488 |   1.596 |   0.319 |       0.000 |       0.000 |  306.498 |   84.985
 Randomize |  126 |    235 |   0.655 |   0.475 |   1.611 |   0.326 |       0.000 |       0.000 |  312.268 |   85.548
 Randomize |  127 |    249 |   0.614 |   0.487 |   1.606 |     nan |       0.004 |       0.063 |  307.161 |   85.914
 Randomize |  128 |    234 |   0.615 |   0.487 |   1.575 |   0.329 |       0.000 |       0.000 |  306.150 |   90.461
 Randomize |  129 |    246 |   0.638 |   0.481 |   1.597 |   0.351 |       0.000 |       0.000 |  298.907 |   85.963
 Randomize |  130 |    243 |   0.650 |   0.477 |   1.580 |   0.335 |       0.000 |       0.000 |  317.000 |   79.806
 Randomize |  131 |    228 |   0.579 |   0.494 |   1.573 |   0.283 |       0.000 |       0.000 |  308.575 |   80.020
 Randomize |  132 |    225 |   0.582 |   0.493 |   1.606 |   0.340 |       0.000 |       0.000 |  310.080 |   88.694
 Randomize |  133 |    231 |   0.632 |   0.482 |   1.611 |   0.317 |       0.000 |       0.000 |  296.260 |   85.096
 Randomize |  134 |    285 |   0.625 |   0.484 |   1.606 |     nan |       0.004 |       0.059 |  313.533 |   81.113
 Randomize |  135 |    251 |   0.633 |   0.482 |   1.590 |   0.316 |       0.000 |       0.000 |  297.211 |   80.409
 Randomize |  136 |    258 |   0.605 |   0.489 |   1.578 |   0.304 |       0.000 |       0.000 |  315.709 |   74.927
 Randomize |  137 |    236 |   0.644 |   0.479 |   1.585 |   0.338 |       0.000 |       0.000 |  307.424 |   77.694
 Randomize |  138 |    263 |   0.658 |   0.474 |   1.544 |     nan |       0.004 |       0.062 |  311.414 |   85.445
 Randomize |  139 |    255 |   0.616 |   0.486 |   1.604 |   0.331 |       0.000 |       0.000 |  298.369 |   84.057
 Randomize |  140 |    247 |   0.563 |   0.496 |   1.556 |     nan |       0.004 |       0.063 |  312.008 |   81.039
 Randomize |  141 |    258 |   0.636 |   0.481 |   1.588 |   0.324 |       0.000 |       0.000 |  296.554 |   85.513
 Randomize |  142 |    238 |   0.597 |   0.491 |   1.578 |     nan |       0.004 |       0.065 |  300.450 |   87.299
 Randomize |  143 |    252 |   0.639 |   0.480 |   1.606 |   0.328 |       0.000 |       0.000 |  296.933 |   82.930
 Randomize |  144 |    263 |   0.616 |   0.486 |   1.569 |   0.292 |       0.000 |       0.000 |  311.285 |   78.111
 Randomize |  145 |    231 |   0.606 |   0.489 |   1.620 |     nan |       0.004 |       0.066 |  289.883 |   88.983
 Randomize |  146 |    260 |   0.596 |   0.491 |   1.573 |   0.288 |       0.000 |       0.000 |  302.450 |   83.429
 Randomize |  147 |    237 |   0.633 |   0.482 |   1.592 |   0.312 |       0.000 |       0.000 |  290.388 |   79.290
 Randomize |  148 |    240 |   0.583 |   0.493 |   1.613 |   0.287 |       0.000 |       0.000 |  310.038 |   76.296
 Randomize |  149 |    241 |   0.668 |   0.471 |   1.592 |   0.304 |       0.000 |       0.000 |  287.000 |   86.684
 Randomize |  150 |    225 |   0.649 |   0.477 |   1.598 |     nan |       0.004 |       0.067 |  299.880 |   85.141
 Randomize |  151 |    235 |   0.634 |   0.482 |   1.620 |   0.389 |       0.000 |       0.000 |  289.413 |   90.694
 Randomize |  152 |    248 |   0.625 |   0.484 |   1.561 |   0.298 |       0.000 |       0.000 |  314.181 |   76.845
 Randomize |  153 |    235 |   0.660 |   0.474 |   1.623 |     nan |       0.004 |       0.065 |  306.017 |   77.872
 Randomize |  154 |    247 |   0.563 |   0.496 |   1.545 |   0.286 |       0.000 |       0.000 |  318.036 |   73.469
 Randomize |  155 |    217 |   0.654 |   0.476 |   1.602 |   0.297 |       0.000 |       0.000 |  301.041 |   85.527
 Randomize |  156 |    244 |   0.664 |   0.472 |   1.617 |   0.283 |       0.000 |       0.000 |  304.443 |   82.709
 Randomize |  157 |    256 |   0.645 |   0.479 |   1.577 |   0.265 |       0.000 |       0.000 |  308.875 |   74.600
 Randomize |  158 |    256 |   0.613 |   0.487 |   1.619 |   0.265 |       0.000 |       0.000 |  306.707 |   76.192
 Randomize |  159 |    237 |   0.561 |   0.496 |   1.612 |   0.350 |       0.000 |       0.000 |  293.899 |   86.098
 Randomize |  160 |    260 |   0.642 |   0.479 |   1.562 |     nan |       0.004 |       0.062 |  307.823 |   77.495
 Randomize |  161 |    234 |   0.603 |   0.489 |   1.570 |   0.283 |       0.000 |       0.000 |  295.329 |   85.490
 Randomize |  162 |    279 |   0.656 |   0.475 |   1.584 |   0.310 |       0.000 |       0.000 |  293.140 |   80.814
 Randomize |  163 |    241 |   0.618 |   0.486 |   1.610 |     nan |       0.004 |       0.064 |  303.739 |   81.257
 Randomize |  164 |    234 |   0.624 |   0.484 |   1.554 |   0.281 |       0.000 |       0.000 |  302.859 |   79.104
 Randomize |  165 |    228 |   0.640 |   0.480 |   1.580 |   0.270 |       0.000 |       0.000 |  292.145 |   84.032
 Randomize |  166 |    244 |   0.615 |   0.487 |   1.599 |   0.271 |       0.000 |       0.000 |  301.279 |   81.257
 Randomize |  167 |    229 |   0.664 |   0.472 |   1.600 |   0.287 |       0.000 |       0.000 |  300.362 |   87.892
 Randomize |  168 |    226 |   0.606 |   0.489 |   1.578 |   0.257 |       0.000 |       0.000 |  304.854 |   84.282
 Randomize |  169 |    248 |   0.585 |   0.493 |   1.597 |   0.255 |       0.000 |       0.000 |  294.456 |   79.214
 Randomize |  170 |    268 |   0.698 |   0.459 |   1.607 |   0.300 |       0.000 |       0.000 |  293.011 |   81.832
 Randomize |  171 |    240 |   0.654 |   0.476 |   1.600 |   0.314 |       0.000 |       0.000 |  292.942 |   82.594
 Randomize |  172 |    253 |   0.640 |   0.480 |   1.598 |   0.261 |       0.000 |       0.000 |  297.099 |   84.474
 Randomize |  173 |    249 |   0.578 |   0.494 |   1.578 |   0.287 |       0.000 |       0.000 |  283.884 |   87.001
 Randomize |  174 |    277 |   0.639 |   0.480 |   1.590 |     nan |       0.004 |       0.060 |  297.159 |   83.052
 Randomize |  175 |    233 |   0.571 |   0.495 |   1.561 |   0.272 |       0.000 |       0.000 |  299.094 |   80.719
 Randomize |  176 |    247 |   0.628 |   0.483 |   1.602 |   0.269 |       0.000 |       0.000 |  305.984 |   79.035
 Randomize |  177 |    239 |   0.628 |   0.483 |   1.608 |   0.252 |       0.000 |       0.000 |  302.766 |   74.916
 Randomize |  178 |    250 |   0.612 |   0.487 |   1.575 |   0.278 |       0.000 |       0.000 |  304.120 |   81.153
 Randomize |  179 |    253 |   0.617 |   0.486 |   1.626 |   0.261 |       0.000 |       0.000 |  291.561 |   84.357
 Randomize |  180 |    237 |   0.608 |   0.488 |   1.593 |   0.265 |       0.000 |       0.000 |  292.143 |   84.841
 Randomize |  181 |    243 |   0.642 |   0.479 |   1.601 |   0.277 |       0.000 |       0.000 |  293.539 |   81.823
 Randomize |  182 |    246 |   0.622 |   0.485 |   1.621 |   0.279 |       0.000 |       0.000 |  298.862 |   82.306
 Randomize |  183 |    255 |   0.584 |   0.493 |   1.592 |     nan |       0.004 |       0.062 |  287.804 |   81.946
 Randomize |  184 |    260 |   0.635 |   0.482 |   1.581 |   0.280 |       0.000 |       0.000 |  296.273 |   81.050
 Randomize |  185 |    226 |   0.650 |   0.477 |   1.564 |   0.284 |       0.000 |       0.000 |  289.053 |   81.214
 Randomize |  186 |    247 |   0.611 |   0.487 |   1.591 |     nan |       0.004 |       0.063 |  296.777 |   90.611
 Randomize |  187 |    229 |   0.620 |   0.485 |   1.592 |   0.266 |       0.000 |       0.000 |  292.341 |   83.331
 Randomize |  188 |    242 |   0.562 |   0.496 |   1.570 |     nan |       0.004 |       0.064 |  301.252 |   80.745
 Randomize |  189 |    242 |   0.624 |   0.484 |   1.605 |   0.312 |       0.000 |       0.000 |  288.616 |   87.418
 Randomize |  190 |    249 |   0.614 |   0.487 |   1.620 |   0.302 |       0.000 |       0.000 |  289.631 |   81.518
 Randomize |  191 |    208 |   0.591 |   0.492 |   1.626 |   0.266 |       0.000 |       0.000 |  290.611 |   80.612
 Randomize |  192 |    242 |   0.632 |   0.482 |   1.629 |   0.297 |       0.000 |       0.000 |  294.975 |   77.758
 Randomize |  193 |    231 |   0.649 |   0.477 |   1.588 |   0.277 |       0.000 |       0.000 |  288.065 |   84.783
 Randomize |  194 |    260 |   0.650 |   0.477 |   1.616 |     nan |       0.004 |       0.062 |  298.146 |   77.505
 Randomize |  195 |    232 |   0.634 |   0.482 |   1.573 |   0.286 |       0.000 |       0.000 |  288.741 |   83.864
 Randomize |  196 |    251 |   0.574 |   0.495 |   1.604 |   0.245 |       0.000 |       0.000 |  295.526 |   72.419
 Randomize |  197 |    234 |   0.632 |   0.482 |   1.583 |   0.268 |       0.000 |       0.000 |  298.957 |   77.199
 Randomize |  198 |    229 |   0.581 |   0.493 |   1.566 |   0.259 |       0.000 |       0.000 |  298.297 |   83.016
 Randomize |  199 |    240 |   0.583 |   0.493 |   1.576 |     nan |       0.004 |       0.064 |  289.575 |   80.400
