Experiment Results - 20250810_153334
==================================================
n_online_list: [50]
n_runs: 1000
alpha: 0.4
M: 1000
==================================================

Per-t selection conditional statistics (mean/std across simulations):
    Method |    t |  Count | CovMean |  CovStd | LenMedian |  LenStd | InfFracMean |  InfFracStd |  CalMean |   CalStd
------------------------------------------------------------------------------------------------------
     Upper |    0 |   1000 |   1.000 |   0.000 |     inf |     nan |       1.000 |       0.000 |    0.000 |    0.000
     Upper |    1 |   1000 |   1.000 |   0.000 |     inf |     nan |       1.000 |       0.000 |    2.000 |    0.000
     Upper |    2 |   1000 |   1.000 |   0.000 |     inf |     nan |       1.000 |       0.000 |    6.000 |    0.000
     Upper |    3 |   1000 |   1.000 |   0.000 |     inf |     nan |       1.000 |       0.000 |   24.000 |    0.000
     Upper |    4 |   1000 |   1.000 |   0.000 |     inf |     nan |       1.000 |       0.000 |  120.000 |    0.000
     Upper |    5 |   1000 |   1.000 |   0.000 |     inf |     nan |       1.000 |       0.000 |  720.000 |    0.000
     Upper |    6 |   1000 |   0.883 |   0.321 |   2.381 |     nan |       0.072 |       0.258 | 1001.000 |    0.000
     Upper |    7 |   1000 |   0.885 |   0.319 |   2.398 |   0.966 |       0.000 |       0.000 | 1001.000 |    0.000
     Upper |    8 |   1000 |   0.842 |   0.365 |   2.133 |   0.905 |       0.000 |       0.000 | 1001.000 |    0.000
     Upper |    9 |   1000 |   0.797 |   0.402 |   1.865 |   0.650 |       0.000 |       0.000 | 1001.000 |    0.000
     Upper |   10 |   1000 |   0.794 |   0.404 |   1.892 |   0.654 |       0.000 |       0.000 | 1001.000 |    0.000
     Upper |   11 |   1000 |   0.779 |   0.415 |   1.649 |   0.550 |       0.000 |       0.000 | 1001.000 |    0.000
     Upper |   12 |   1000 |   0.755 |   0.430 |   1.669 |   0.502 |       0.000 |       0.000 | 1001.000 |    0.000
     Upper |   13 |   1000 |   0.772 |   0.420 |   1.595 |   0.485 |       0.000 |       0.000 | 1001.000 |    0.000
     Upper |   14 |   1000 |   0.698 |   0.459 |   1.524 |   0.439 |       0.000 |       0.000 | 1001.000 |    0.000
     Upper |   15 |   1000 |   0.739 |   0.439 |   1.551 |   0.431 |       0.000 |       0.000 | 1001.000 |    0.000
     Upper |   16 |   1000 |   0.728 |   0.445 |   1.467 |   0.404 |       0.000 |       0.000 | 1001.000 |    0.000
     Upper |   17 |   1000 |   0.734 |   0.442 |   1.470 |   0.400 |       0.000 |       0.000 | 1001.000 |    0.000
     Upper |   18 |   1000 |   0.716 |   0.451 |   1.428 |   0.390 |       0.000 |       0.000 | 1001.000 |    0.000
     Upper |   19 |   1000 |   0.729 |   0.444 |   1.402 |   0.378 |       0.000 |       0.000 | 1001.000 |    0.000
     Upper |   20 |   1000 |   0.686 |   0.464 |   1.387 |   0.365 |       0.000 |       0.000 | 1001.000 |    0.016
     Upper |   21 |   1000 |   0.716 |   0.451 |   1.372 |   0.347 |       0.000 |       0.000 | 1000.998 |    0.039
     Upper |   22 |   1000 |   0.688 |   0.463 |   1.345 |   0.339 |       0.000 |       0.000 | 1001.000 |    0.000
     Upper |   23 |   1000 |   0.718 |   0.450 |   1.335 |   0.328 |       0.000 |       0.000 | 1000.997 |    0.045
     Upper |   24 |   1000 |   0.706 |   0.456 |   1.326 |   0.324 |       0.000 |       0.000 | 1000.990 |    0.116
     Upper |   25 |   1000 |   0.677 |   0.468 |   1.307 |   0.307 |       0.000 |       0.000 | 1000.979 |    0.157
     Upper |   26 |   1000 |   0.674 |   0.469 |   1.294 |   0.304 |       0.000 |       0.000 | 1000.932 |    0.372
     Upper |   27 |   1000 |   0.673 |   0.469 |   1.286 |   0.291 |       0.000 |       0.000 | 1000.775 |    0.864
     Upper |   28 |   1000 |   0.660 |   0.474 |   1.272 |   0.287 |       0.000 |       0.000 | 1000.587 |    1.304
     Upper |   29 |   1000 |   0.692 |   0.462 |   1.270 |   0.290 |       0.000 |       0.000 | 1000.105 |    2.637
     Upper |   30 |   1000 |   0.667 |   0.471 |   1.266 |   0.282 |       0.000 |       0.000 |  998.935 |    5.304
     Upper |   31 |    997 |   0.669 |   0.471 |   1.258 |   0.268 |       0.000 |       0.000 |  997.075 |    8.976
     Upper |   32 |    990 |   0.684 |   0.465 |   1.239 |   0.274 |       0.000 |       0.000 |  989.916 |   21.671
     Upper |   33 |    972 |   0.656 |   0.475 |   1.235 |   0.266 |       0.000 |       0.000 |  965.871 |   48.830
     Upper |   34 |    945 |   0.660 |   0.474 |   1.232 |   0.257 |       0.000 |       0.000 |  938.157 |   69.346
     Upper |   35 |    890 |   0.679 |   0.467 |   1.232 |   0.253 |       0.000 |       0.000 |  885.720 |   94.415
     Upper |   36 |    832 |   0.627 |   0.483 |   1.223 |   0.249 |       0.000 |       0.000 |  825.376 |  108.808
     Upper |   37 |    694 |   0.700 |   0.458 |   1.224 |   0.250 |       0.000 |       0.000 |  715.595 |  119.171
     Upper |   38 |    568 |   0.637 |   0.481 |   1.207 |   0.242 |       0.000 |       0.000 |  599.784 |  116.949
     Upper |   39 |    214 |   0.621 |   0.485 |   1.195 |   0.273 |       0.000 |       0.000 |  235.832 |   59.829
 Randomize |    0 |   1000 |   1.000 |   0.000 |     inf |     nan |       1.000 |       0.000 |    0.000 |    0.000
 Randomize |    1 |   1000 |   0.903 |   0.296 |     inf |     nan |       0.963 |       0.189 |    2.000 |    0.000
 Randomize |    2 |   1000 |   0.841 |   0.366 |     inf |     nan |       0.808 |       0.394 |    6.000 |    0.000
 Randomize |    3 |   1000 |   0.786 |   0.410 |     inf |     nan |       0.616 |       0.486 |   24.000 |    0.000
 Randomize |    4 |   1000 |   0.712 |   0.453 |   2.113 |     nan |       0.363 |       0.481 |  120.000 |    0.000
 Randomize |    5 |   1000 |   0.715 |   0.451 |   1.685 |     nan |       0.139 |       0.346 |  720.000 |    0.000
 Randomize |    6 |   1000 |   0.703 |   0.457 |   1.525 |     nan |       0.004 |       0.063 | 1001.000 |    0.000
 Randomize |    7 |   1000 |   0.710 |   0.454 |   1.404 |   0.682 |       0.000 |       0.000 | 1001.000 |    0.000
 Randomize |    8 |   1000 |   0.677 |   0.468 |   1.337 |   0.575 |       0.000 |       0.000 | 1001.000 |    0.000
 Randomize |    9 |   1000 |   0.658 |   0.474 |   1.317 |   0.527 |       0.000 |       0.000 | 1001.000 |    0.000
 Randomize |   10 |   1000 |   0.631 |   0.483 |   1.267 |   0.484 |       0.000 |       0.000 | 1001.000 |    0.000
 Randomize |   11 |   1000 |   0.655 |   0.475 |   1.239 |   0.439 |       0.000 |       0.000 | 1001.000 |    0.000
 Randomize |   12 |   1000 |   0.647 |   0.478 |   1.244 |   0.438 |       0.000 |       0.000 | 1001.000 |    0.000
 Randomize |   13 |   1000 |   0.670 |   0.470 |   1.219 |   0.397 |       0.000 |       0.000 | 1001.000 |    0.000
 Randomize |   14 |   1000 |   0.611 |   0.488 |   1.203 |   0.382 |       0.000 |       0.000 | 1001.000 |    0.000
 Randomize |   15 |   1000 |   0.637 |   0.481 |   1.198 |   0.372 |       0.000 |       0.000 | 1001.000 |    0.000
 Randomize |   16 |   1000 |   0.633 |   0.482 |   1.167 |   0.368 |       0.000 |       0.000 | 1001.000 |    0.000
 Randomize |   17 |   1000 |   0.648 |   0.478 |   1.171 |   0.358 |       0.000 |       0.000 | 1001.000 |    0.000
 Randomize |   18 |   1000 |   0.623 |   0.485 |   1.177 |   0.350 |       0.000 |       0.000 | 1001.000 |    0.000
 Randomize |   19 |   1000 |   0.641 |   0.480 |   1.152 |   0.338 |       0.000 |       0.000 | 1001.000 |    0.000
 Randomize |   20 |   1000 |   0.609 |   0.488 |   1.160 |   0.324 |       0.000 |       0.000 | 1001.000 |    0.016
 Randomize |   21 |   1000 |   0.636 |   0.481 |   1.161 |   0.315 |       0.000 |       0.000 | 1000.998 |    0.039
 Randomize |   22 |   1000 |   0.620 |   0.485 |   1.149 |   0.313 |       0.000 |       0.000 | 1001.000 |    0.000
 Randomize |   23 |   1000 |   0.650 |   0.477 |   1.143 |   0.303 |       0.000 |       0.000 | 1000.997 |    0.045
 Randomize |   24 |   1000 |   0.643 |   0.479 |   1.139 |   0.293 |       0.000 |       0.000 | 1000.990 |    0.116
 Randomize |   25 |   1000 |   0.631 |   0.483 |   1.124 |   0.279 |       0.000 |       0.000 | 1000.980 |    0.149
 Randomize |   26 |   1000 |   0.612 |   0.487 |   1.131 |   0.278 |       0.000 |       0.000 | 1000.933 |    0.371
 Randomize |   27 |   1000 |   0.622 |   0.485 |   1.134 |   0.271 |       0.000 |       0.000 | 1000.772 |    0.881
 Randomize |   28 |   1000 |   0.594 |   0.491 |   1.118 |   0.268 |       0.000 |       0.000 | 1000.590 |    1.318
 Randomize |   29 |   1000 |   0.642 |   0.479 |   1.120 |   0.261 |       0.000 |       0.000 | 1000.096 |    2.684
 Randomize |   30 |   1000 |   0.618 |   0.486 |   1.118 |   0.264 |       0.000 |       0.000 |  998.929 |    5.322
 Randomize |   31 |    997 |   0.621 |   0.485 |   1.124 |   0.251 |       0.000 |       0.000 |  997.056 |    9.022
 Randomize |   32 |    990 |   0.635 |   0.481 |   1.113 |   0.257 |       0.000 |       0.000 |  989.927 |   21.631
 Randomize |   33 |    972 |   0.617 |   0.486 |   1.115 |   0.251 |       0.000 |       0.000 |  965.881 |   48.843
 Randomize |   34 |    945 |   0.613 |   0.487 |   1.115 |   0.248 |       0.000 |       0.000 |  938.158 |   69.385
 Randomize |   35 |    890 |   0.626 |   0.484 |   1.105 |   0.241 |       0.000 |       0.000 |  885.801 |   94.370
 Randomize |   36 |    832 |   0.583 |   0.493 |   1.104 |   0.240 |       0.000 |       0.000 |  825.435 |  108.763
 Randomize |   37 |    694 |   0.670 |   0.470 |   1.109 |   0.237 |       0.000 |       0.000 |  715.540 |  119.164
 Randomize |   38 |    568 |   0.595 |   0.491 |   1.089 |   0.226 |       0.000 |       0.000 |  599.799 |  116.831
 Randomize |   39 |    214 |   0.575 |   0.494 |   1.094 |   0.253 |       0.000 |       0.000 |  235.731 |   60.008
