Experiment Results - 20250730_125745
==================================================
n_online_list: [200]
n_runs: 1000
alpha: 0.4
M: 2000
==================================================

Per-t selection conditional statistics (mean/std across simulations):
    Method |    t |  Count | CovMean |  CovStd | LenMedian |  LenStd | InfFracMean |  InfFracStd |  CalMean |   CalStd
------------------------------------------------------------------------------------------------------
     Upper |    1 |    503 |   1.000 |   0.000 |     inf |     nan |       1.000 |       0.000 |    0.000 |    0.000
     Upper |    2 |    432 |   1.000 |   0.000 |     inf |     nan |       1.000 |       0.000 |    1.991 |    2.000
     Upper |    3 |    384 |   1.000 |   0.000 |     inf |     nan |       1.000 |       0.000 |    8.438 |    5.483
     Upper |    4 |    392 |   1.000 |   0.000 |     inf |     nan |       1.000 |       0.000 |   44.571 |   12.362
     Upper |    5 |    361 |   1.000 |   0.000 |     inf |     nan |       1.000 |       0.000 |  270.249 |   52.105
     Upper |    6 |    369 |   1.000 |   0.000 |     inf |     nan |       1.000 |       0.000 |  740.125 |  141.831
     Upper |    7 |    352 |   1.000 |   0.000 |     inf |     nan |       1.000 |       0.000 |  717.219 |   89.255
     Upper |    8 |    323 |   1.000 |   0.000 |     inf |     nan |       1.000 |       0.000 |  687.418 |   69.086
     Upper |    9 |    356 |   1.000 |   0.000 |     inf |     nan |       1.000 |       0.000 |  684.941 |  101.274
     Upper |   10 |    341 |   1.000 |   0.000 |     inf |     nan |       1.000 |       0.000 |  686.062 |   78.842
     Upper |   11 |    334 |   1.000 |   0.000 |     inf |     nan |       1.000 |       0.000 |  667.686 |   20.860
     Upper |   12 |    324 |   0.969 |   0.173 |     inf |     nan |       0.836 |       0.370 |  663.660 |   73.264
     Upper |   13 |    323 |   0.947 |   0.223 |     inf |     nan |       0.684 |       0.465 |  668.133 |   71.224
     Upper |   14 |    350 |   0.926 |   0.262 |     inf |     nan |       0.620 |       0.485 |  656.057 |   44.565
     Upper |   15 |    310 |   0.881 |   0.324 |   4.119 |     nan |       0.429 |       0.495 |  653.874 |   52.922
     Upper |   16 |    336 |   0.887 |   0.317 |   3.118 |     nan |       0.232 |       0.422 |  651.399 |   62.832
     Upper |   17 |    325 |   0.849 |   0.358 |   2.918 |     nan |       0.095 |       0.294 |  645.412 |   48.455
     Upper |   18 |    314 |   0.860 |   0.347 |   2.751 |   1.067 |       0.000 |       0.000 |  643.955 |   40.372
     Upper |   19 |    331 |   0.876 |   0.329 |   2.814 |   1.025 |       0.000 |       0.000 |  650.260 |   55.329
     Upper |   20 |    305 |   0.849 |   0.358 |   2.865 |   1.039 |       0.000 |       0.000 |  638.289 |   49.296
     Upper |   21 |    309 |   0.838 |   0.368 |   2.781 |   1.020 |       0.000 |       0.000 |  639.586 |   20.409
     Upper |   22 |    325 |   0.843 |   0.364 |   2.633 |   1.043 |       0.000 |       0.000 |  634.560 |   46.015
     Upper |   23 |    321 |   0.807 |   0.395 |   2.485 |   0.965 |       0.000 |       0.000 |  637.548 |   43.184
     Upper |   24 |    308 |   0.789 |   0.408 |   2.265 |   0.876 |       0.000 |       0.000 |  634.458 |   30.478
     Upper |   25 |    319 |   0.743 |   0.437 |   2.256 |   0.882 |       0.000 |       0.000 |  635.339 |   36.698
     Upper |   26 |    332 |   0.690 |   0.463 |   2.289 |   0.772 |       0.000 |       0.000 |  632.099 |   41.896
     Upper |   27 |    314 |   0.783 |   0.412 |   2.318 |   0.771 |       0.000 |       0.000 |  629.573 |   34.858
     Upper |   28 |    317 |   0.779 |   0.415 |   2.347 |   0.715 |       0.000 |       0.000 |  629.931 |   28.782
     Upper |   29 |    293 |   0.802 |   0.398 |   2.332 |   0.708 |       0.000 |       0.000 |  629.556 |   41.171
     Upper |   30 |    324 |   0.765 |   0.424 |   2.268 |   0.737 |       0.000 |       0.000 |  626.920 |   35.951
     Upper |   31 |    305 |   0.774 |   0.418 |   2.188 |   0.637 |       0.000 |       0.000 |  627.269 |   21.110
     Upper |   32 |    316 |   0.791 |   0.406 |   2.156 |   0.720 |       0.000 |       0.000 |  626.174 |   32.983
     Upper |   33 |    316 |   0.737 |   0.440 |   2.099 |   0.667 |       0.000 |       0.000 |  626.263 |   35.303
     Upper |   34 |    343 |   0.781 |   0.413 |   2.119 |   0.590 |       0.000 |       0.000 |  625.924 |   23.868
     Upper |   35 |    311 |   0.704 |   0.456 |   2.079 |   0.603 |       0.000 |       0.000 |  623.412 |   30.863
     Upper |   36 |    328 |   0.710 |   0.454 |   2.162 |   0.610 |       0.000 |       0.000 |  623.530 |   34.905
     Upper |   37 |    299 |   0.793 |   0.405 |   2.142 |   0.586 |       0.000 |       0.000 |  624.492 |   29.464
     Upper |   38 |    303 |   0.729 |   0.444 |   2.119 |   0.569 |       0.000 |       0.000 |  621.594 |   25.232
     Upper |   39 |    284 |   0.764 |   0.425 |   2.082 |   0.565 |       0.000 |       0.000 |  622.444 |   32.108
     Upper |   40 |    288 |   0.726 |   0.446 |   2.045 |   0.572 |       0.000 |       0.000 |  620.194 |   33.573
     Upper |   41 |    304 |   0.724 |   0.447 |   1.953 |   0.561 |       0.000 |       0.000 |  620.984 |   19.989
     Upper |   42 |    293 |   0.706 |   0.455 |   1.940 |   0.543 |       0.000 |       0.000 |  621.587 |   30.801
     Upper |   43 |    325 |   0.683 |   0.465 |   1.974 |   0.528 |       0.000 |       0.000 |  621.631 |   29.555
     Upper |   44 |    322 |   0.742 |   0.437 |   1.983 |   0.515 |       0.000 |       0.000 |  619.972 |   23.328
     Upper |   45 |    302 |   0.728 |   0.445 |   1.973 |   0.504 |       0.000 |       0.000 |  615.967 |   27.858
     Upper |   46 |    294 |   0.701 |   0.458 |   2.004 |   0.495 |       0.000 |       0.000 |  616.214 |   29.001
     Upper |   47 |    295 |   0.658 |   0.475 |   1.946 |   0.483 |       0.000 |       0.000 |  618.939 |   26.488
     Upper |   48 |    298 |   0.711 |   0.453 |   1.927 |   0.491 |       0.000 |       0.000 |  615.611 |   23.741
     Upper |   49 |    300 |   0.680 |   0.466 |   1.959 |   0.475 |       0.000 |       0.000 |  615.833 |   29.535
     Upper |   50 |    303 |   0.706 |   0.455 |   1.893 |   0.448 |       0.000 |       0.000 |  614.875 |   25.633
     Upper |   51 |    321 |   0.670 |   0.470 |   1.911 |   0.478 |       0.000 |       0.000 |  617.838 |   20.581
     Upper |   52 |    287 |   0.700 |   0.458 |   1.911 |   0.447 |       0.000 |       0.000 |  615.962 |   27.343
     Upper |   53 |    313 |   0.703 |   0.457 |   1.891 |   0.455 |       0.000 |       0.000 |  615.281 |   28.888
     Upper |   54 |    349 |   0.668 |   0.471 |   1.895 |   0.441 |       0.000 |       0.000 |  615.544 |   24.330
     Upper |   55 |    281 |   0.705 |   0.456 |   1.861 |   0.458 |       0.000 |       0.000 |  614.779 |   24.554
     Upper |   56 |    320 |   0.659 |   0.474 |   1.854 |   0.434 |       0.000 |       0.000 |  614.837 |   26.919
     Upper |   57 |    319 |   0.724 |   0.447 |   1.805 |   0.438 |       0.000 |       0.000 |  615.191 |   23.751
     Upper |   58 |    294 |   0.656 |   0.475 |   1.817 |   0.447 |       0.000 |       0.000 |  615.544 |   21.971
     Upper |   59 |    304 |   0.658 |   0.474 |   1.875 |   0.409 |       0.000 |       0.000 |  615.438 |   24.324
     Upper |   60 |    321 |   0.701 |   0.458 |   1.846 |   0.418 |       0.000 |       0.000 |  614.576 |   26.157
     Upper |   61 |    301 |   0.661 |   0.473 |   1.842 |   0.411 |       0.000 |       0.000 |  613.561 |   19.388
     Upper |   62 |    319 |   0.661 |   0.473 |   1.816 |   0.414 |       0.000 |       0.000 |  614.204 |   24.178
     Upper |   63 |    317 |   0.669 |   0.471 |   1.781 |   0.437 |       0.000 |       0.000 |  615.691 |   25.261
     Upper |   64 |    283 |   0.731 |   0.443 |   1.802 |   0.388 |       0.000 |       0.000 |  613.459 |   22.107
     Upper |   65 |    299 |   0.712 |   0.453 |   1.850 |   0.440 |       0.000 |       0.000 |  614.007 |   24.297
     Upper |   66 |    281 |   0.601 |   0.490 |   1.779 |   0.395 |       0.000 |       0.000 |  612.235 |   26.662
     Upper |   67 |    281 |   0.644 |   0.479 |   1.780 |   0.397 |       0.000 |       0.000 |  611.940 |   25.167
     Upper |   68 |    319 |   0.643 |   0.479 |   1.799 |   0.391 |       0.000 |       0.000 |  611.602 |   22.336
     Upper |   69 |    316 |   0.677 |   0.468 |   1.817 |   0.381 |       0.000 |       0.000 |  615.149 |   23.559
     Upper |   70 |    320 |   0.662 |   0.473 |   1.820 |   0.404 |       0.000 |       0.000 |  613.600 |   24.371
     Upper |   71 |    285 |   0.691 |   0.462 |   1.778 |   0.415 |       0.000 |       0.000 |  614.242 |   21.881
     Upper |   72 |    317 |   0.662 |   0.473 |   1.766 |   0.380 |       0.000 |       0.000 |  612.151 |   22.664
     Upper |   73 |    296 |   0.686 |   0.464 |   1.813 |   0.395 |       0.000 |       0.000 |  612.581 |   23.663
     Upper |   74 |    304 |   0.612 |   0.487 |   1.768 |   0.382 |       0.000 |       0.000 |  614.658 |   21.521
     Upper |   75 |    278 |   0.701 |   0.458 |   1.792 |   0.402 |       0.000 |       0.000 |  613.464 |   23.070
     Upper |   76 |    306 |   0.709 |   0.454 |   1.827 |   0.403 |       0.000 |       0.000 |  611.546 |   25.364
     Upper |   77 |    315 |   0.670 |   0.470 |   1.774 |   0.382 |       0.000 |       0.000 |  610.914 |   22.408
     Upper |   78 |    297 |   0.697 |   0.460 |   1.798 |   0.386 |       0.000 |       0.000 |  611.125 |   22.163
     Upper |   79 |    285 |   0.568 |   0.495 |   1.766 |   0.344 |       0.000 |       0.000 |  613.056 |   26.930
     Upper |   80 |    307 |   0.651 |   0.477 |   1.763 |   0.367 |       0.000 |       0.000 |  613.039 |   23.278
     Upper |   81 |    290 |   0.676 |   0.468 |   1.781 |   0.345 |       0.000 |       0.000 |  611.407 |   21.177
     Upper |   82 |    293 |   0.645 |   0.478 |   1.751 |   0.362 |       0.000 |       0.000 |  608.983 |   24.165
     Upper |   83 |    314 |   0.685 |   0.465 |   1.791 |   0.369 |       0.000 |       0.000 |  607.720 |   24.428
     Upper |   84 |    312 |   0.641 |   0.480 |   1.762 |   0.346 |       0.000 |       0.000 |  610.010 |   21.786
     Upper |   85 |    305 |   0.718 |   0.450 |   1.787 |   0.327 |       0.000 |       0.000 |  609.531 |   22.771
     Upper |   86 |    282 |   0.642 |   0.479 |   1.742 |   0.362 |       0.000 |       0.000 |  609.156 |   24.677
     Upper |   87 |    289 |   0.661 |   0.473 |   1.741 |   0.348 |       0.000 |       0.000 |  608.453 |   23.052
     Upper |   88 |    314 |   0.656 |   0.475 |   1.753 |   0.346 |       0.000 |       0.000 |  610.764 |   20.739
     Upper |   89 |    294 |   0.670 |   0.470 |   1.751 |   0.335 |       0.000 |       0.000 |  612.119 |   22.914
     Upper |   90 |    311 |   0.672 |   0.469 |   1.744 |   0.343 |       0.000 |       0.000 |  611.424 |   23.377
     Upper |   91 |    293 |   0.648 |   0.477 |   1.750 |   0.326 |       0.000 |       0.000 |  610.812 |   20.567
     Upper |   92 |    302 |   0.629 |   0.483 |   1.731 |   0.338 |       0.000 |       0.000 |  611.530 |   21.247
     Upper |   93 |    300 |   0.653 |   0.476 |   1.737 |   0.349 |       0.000 |       0.000 |  609.707 |   24.452
     Upper |   94 |    275 |   0.644 |   0.479 |   1.754 |   0.335 |       0.000 |       0.000 |  607.949 |   21.287
     Upper |   95 |    305 |   0.626 |   0.484 |   1.721 |   0.316 |       0.000 |       0.000 |  609.744 |   22.460
     Upper |   96 |    285 |   0.688 |   0.463 |   1.723 |   0.323 |       0.000 |       0.000 |  608.807 |   22.405
     Upper |   97 |    285 |   0.653 |   0.476 |   1.698 |   0.340 |       0.000 |       0.000 |  606.709 |   21.589
     Upper |   98 |    304 |   0.641 |   0.480 |   1.725 |   0.319 |       0.000 |       0.000 |  609.312 |   22.177
     Upper |   99 |    297 |   0.653 |   0.476 |   1.739 |   0.337 |       0.000 |       0.000 |  609.822 |   23.307
     Upper |  100 |    306 |   0.683 |   0.465 |   1.717 |   0.336 |       0.000 |       0.000 |  610.275 |   22.790
     Upper |  101 |    309 |   0.663 |   0.473 |   1.709 |   0.334 |       0.000 |       0.000 |  611.275 |   20.346
     Upper |  102 |    310 |   0.668 |   0.471 |   1.698 |   0.294 |       0.000 |       0.000 |  608.432 |   23.605
     Upper |  103 |    300 |   0.653 |   0.476 |   1.715 |   0.327 |       0.000 |       0.000 |  609.833 |   22.793
     Upper |  104 |    314 |   0.666 |   0.472 |   1.727 |   0.323 |       0.000 |       0.000 |  608.290 |   21.273
     Upper |  105 |    285 |   0.639 |   0.480 |   1.723 |   0.296 |       0.000 |       0.000 |  609.074 |   21.859
     Upper |  106 |    290 |   0.634 |   0.482 |   1.740 |   0.326 |       0.000 |       0.000 |  610.879 |   21.080
     Upper |  107 |    288 |   0.601 |   0.490 |   1.709 |   0.312 |       0.000 |       0.000 |  609.045 |   20.647
     Upper |  108 |    317 |   0.662 |   0.473 |   1.729 |   0.312 |       0.000 |       0.000 |  609.479 |   20.885
     Upper |  109 |    283 |   0.618 |   0.486 |   1.719 |   0.320 |       0.000 |       0.000 |  608.283 |   21.606
     Upper |  110 |    304 |   0.638 |   0.481 |   1.695 |   0.318 |       0.000 |       0.000 |  608.227 |   22.723
     Upper |  111 |    276 |   0.641 |   0.480 |   1.750 |   0.301 |       0.000 |       0.000 |  609.989 |   20.068
     Upper |  112 |    301 |   0.661 |   0.473 |   1.697 |   0.306 |       0.000 |       0.000 |  608.977 |   20.679
     Upper |  113 |    301 |   0.651 |   0.477 |   1.725 |   0.299 |       0.000 |       0.000 |  606.767 |   22.155
     Upper |  114 |    318 |   0.682 |   0.466 |   1.683 |   0.296 |       0.000 |       0.000 |  608.516 |   20.327
     Upper |  115 |    302 |   0.679 |   0.467 |   1.685 |   0.298 |       0.000 |       0.000 |  608.709 |   22.714
     Upper |  116 |    304 |   0.609 |   0.488 |   1.686 |   0.280 |       0.000 |       0.000 |  607.099 |   22.154
     Upper |  117 |    293 |   0.560 |   0.496 |   1.739 |   0.294 |       0.000 |       0.000 |  608.061 |   20.324
     Upper |  118 |    307 |   0.632 |   0.482 |   1.695 |   0.293 |       0.000 |       0.000 |  609.111 |   20.239
     Upper |  119 |    298 |   0.581 |   0.493 |   1.721 |   0.283 |       0.000 |       0.000 |  607.560 |   21.581
     Upper |  120 |    292 |   0.603 |   0.489 |   1.691 |   0.285 |       0.000 |       0.000 |  607.038 |   21.629
     Upper |  121 |    308 |   0.685 |   0.464 |   1.682 |   0.293 |       0.000 |       0.000 |  607.610 |   20.203
     Upper |  122 |    297 |   0.677 |   0.468 |   1.736 |   0.302 |       0.000 |       0.000 |  606.919 |   21.284
     Upper |  123 |    276 |   0.685 |   0.465 |   1.697 |   0.284 |       0.000 |       0.000 |  609.395 |   24.552
     Upper |  124 |    307 |   0.658 |   0.474 |   1.708 |   0.274 |       0.000 |       0.000 |  610.371 |   20.536
     Upper |  125 |    277 |   0.686 |   0.464 |   1.716 |   0.296 |       0.000 |       0.000 |  606.819 |   21.172
     Upper |  126 |    294 |   0.701 |   0.458 |   1.673 |   0.274 |       0.000 |       0.000 |  606.310 |   21.046
     Upper |  127 |    298 |   0.621 |   0.485 |   1.671 |   0.293 |       0.000 |       0.000 |  608.805 |   21.517
     Upper |  128 |    289 |   0.633 |   0.482 |   1.725 |   0.270 |       0.000 |       0.000 |  607.661 |   21.667
     Upper |  129 |    298 |   0.638 |   0.481 |   1.676 |   0.284 |       0.000 |       0.000 |  608.641 |   22.423
     Upper |  130 |    286 |   0.682 |   0.466 |   1.685 |   0.269 |       0.000 |       0.000 |  608.094 |   22.852
     Upper |  131 |    291 |   0.619 |   0.486 |   1.685 |   0.279 |       0.000 |       0.000 |  606.426 |   20.823
     Upper |  132 |    284 |   0.630 |   0.483 |   1.700 |   0.293 |       0.000 |       0.000 |  607.595 |   21.229
     Upper |  133 |    289 |   0.612 |   0.487 |   1.686 |   0.278 |       0.000 |       0.000 |  607.087 |   22.601
     Upper |  134 |    343 |   0.606 |   0.489 |   1.694 |   0.283 |       0.000 |       0.000 |  606.510 |   20.694
     Upper |  135 |    308 |   0.640 |   0.480 |   1.668 |   0.269 |       0.000 |       0.000 |  607.179 |   22.093
     Upper |  136 |    315 |   0.663 |   0.473 |   1.686 |   0.286 |       0.000 |       0.000 |  606.629 |   22.818
     Upper |  137 |    299 |   0.652 |   0.476 |   1.646 |   0.279 |       0.000 |       0.000 |  608.090 |   21.573
     Upper |  138 |    310 |   0.639 |   0.480 |   1.645 |   0.280 |       0.000 |       0.000 |  605.900 |   21.764
     Upper |  139 |    305 |   0.630 |   0.483 |   1.654 |   0.286 |       0.000 |       0.000 |  606.649 |   22.520
     Upper |  140 |    298 |   0.617 |   0.486 |   1.630 |   0.281 |       0.000 |       0.000 |  607.983 |   19.192
     Upper |  141 |    314 |   0.624 |   0.484 |   1.652 |   0.264 |       0.000 |       0.000 |  607.439 |   19.044
     Upper |  142 |    283 |   0.580 |   0.494 |   1.650 |   0.261 |       0.000 |       0.000 |  607.611 |   20.910
     Upper |  143 |    317 |   0.678 |   0.467 |   1.649 |   0.264 |       0.000 |       0.000 |  608.741 |   20.621
     Upper |  144 |    327 |   0.651 |   0.477 |   1.660 |   0.274 |       0.000 |       0.000 |  607.131 |   19.534
     Upper |  145 |    296 |   0.611 |   0.487 |   1.663 |   0.247 |       0.000 |       0.000 |  608.919 |   21.948
     Upper |  146 |    297 |   0.620 |   0.486 |   1.674 |   0.239 |       0.000 |       0.000 |  606.340 |   21.593
     Upper |  147 |    287 |   0.627 |   0.484 |   1.650 |   0.255 |       0.000 |       0.000 |  605.690 |   19.898
     Upper |  148 |    304 |   0.609 |   0.488 |   1.666 |   0.255 |       0.000 |       0.000 |  605.109 |   21.156
     Upper |  149 |    304 |   0.651 |   0.477 |   1.659 |   0.253 |       0.000 |       0.000 |  604.493 |   21.417
     Upper |  150 |    281 |   0.623 |   0.485 |   1.656 |   0.246 |       0.000 |       0.000 |  605.249 |   20.294
     Upper |  151 |    293 |   0.648 |   0.477 |   1.699 |   0.264 |       0.000 |       0.000 |  607.379 |   21.016
     Upper |  152 |    298 |   0.651 |   0.477 |   1.645 |   0.240 |       0.000 |       0.000 |  606.685 |   21.138
     Upper |  153 |    297 |   0.636 |   0.481 |   1.675 |   0.245 |       0.000 |       0.000 |  606.529 |   21.138
     Upper |  154 |    285 |   0.586 |   0.493 |   1.668 |   0.246 |       0.000 |       0.000 |  606.979 |   21.529
     Upper |  155 |    268 |   0.705 |   0.456 |   1.654 |   0.258 |       0.000 |       0.000 |  605.041 |   20.158
     Upper |  156 |    305 |   0.662 |   0.473 |   1.654 |   0.254 |       0.000 |       0.000 |  605.223 |   20.241
     Upper |  157 |    334 |   0.662 |   0.473 |   1.655 |   0.237 |       0.000 |       0.000 |  605.368 |   21.281
     Upper |  158 |    315 |   0.600 |   0.490 |   1.652 |   0.235 |       0.000 |       0.000 |  606.819 |   19.730
     Upper |  159 |    324 |   0.590 |   0.492 |   1.672 |   0.247 |       0.000 |       0.000 |  604.596 |   21.004
     Upper |  160 |    309 |   0.641 |   0.480 |   1.662 |   0.249 |       0.000 |       0.000 |  605.029 |   20.400
     Upper |  161 |    291 |   0.643 |   0.479 |   1.633 |   0.237 |       0.000 |       0.000 |  604.973 |   20.152
     Upper |  162 |    344 |   0.651 |   0.477 |   1.667 |   0.238 |       0.000 |       0.000 |  604.971 |   21.312
     Upper |  163 |    309 |   0.644 |   0.479 |   1.643 |   0.244 |       0.000 |       0.000 |  606.298 |   21.931
     Upper |  164 |    300 |   0.653 |   0.476 |   1.677 |   0.256 |       0.000 |       0.000 |  604.090 |   20.010
     Upper |  165 |    299 |   0.649 |   0.477 |   1.654 |   0.248 |       0.000 |       0.000 |  604.769 |   22.147
     Upper |  166 |    298 |   0.617 |   0.486 |   1.648 |   0.257 |       0.000 |       0.000 |  605.356 |   23.340
     Upper |  167 |    287 |   0.683 |   0.465 |   1.669 |   0.257 |       0.000 |       0.000 |  607.181 |   21.246
     Upper |  168 |    294 |   0.633 |   0.482 |   1.624 |   0.240 |       0.000 |       0.000 |  604.415 |   21.557
     Upper |  169 |    310 |   0.594 |   0.491 |   1.636 |   0.237 |       0.000 |       0.000 |  604.245 |   20.440
     Upper |  170 |    316 |   0.680 |   0.466 |   1.662 |   0.251 |       0.000 |       0.000 |  607.402 |   20.540
     Upper |  171 |    297 |   0.663 |   0.473 |   1.658 |   0.257 |       0.000 |       0.000 |  605.007 |   20.162
     Upper |  172 |    304 |   0.671 |   0.470 |   1.649 |   0.230 |       0.000 |       0.000 |  606.678 |   20.358
     Upper |  173 |    312 |   0.625 |   0.484 |   1.626 |   0.242 |       0.000 |       0.000 |  605.506 |   21.120
     Upper |  174 |    330 |   0.636 |   0.481 |   1.643 |   0.236 |       0.000 |       0.000 |  607.027 |   21.360
     Upper |  175 |    297 |   0.609 |   0.488 |   1.638 |   0.228 |       0.000 |       0.000 |  603.253 |   21.157
     Upper |  176 |    304 |   0.661 |   0.473 |   1.669 |   0.233 |       0.000 |       0.000 |  607.089 |   22.222
     Upper |  177 |    289 |   0.654 |   0.476 |   1.657 |   0.233 |       0.000 |       0.000 |  605.315 |   21.591
     Upper |  178 |    297 |   0.640 |   0.480 |   1.639 |   0.237 |       0.000 |       0.000 |  604.434 |   19.740
     Upper |  179 |    324 |   0.633 |   0.482 |   1.679 |   0.213 |       0.000 |       0.000 |  604.765 |   21.697
     Upper |  180 |    294 |   0.626 |   0.484 |   1.655 |   0.221 |       0.000 |       0.000 |  604.554 |   23.381
     Upper |  181 |    306 |   0.673 |   0.469 |   1.625 |   0.232 |       0.000 |       0.000 |  603.971 |   20.281
     Upper |  182 |    296 |   0.635 |   0.481 |   1.669 |   0.258 |       0.000 |       0.000 |  603.851 |   20.506
     Upper |  183 |    301 |   0.598 |   0.490 |   1.636 |   0.247 |       0.000 |       0.000 |  604.565 |   20.201
     Upper |  184 |    304 |   0.681 |   0.466 |   1.652 |   0.229 |       0.000 |       0.000 |  606.003 |   20.205
     Upper |  185 |    279 |   0.670 |   0.470 |   1.615 |   0.236 |       0.000 |       0.000 |  606.645 |   19.928
     Upper |  186 |    321 |   0.629 |   0.483 |   1.627 |   0.234 |       0.000 |       0.000 |  603.773 |   21.358
     Upper |  187 |    271 |   0.598 |   0.490 |   1.647 |   0.246 |       0.000 |       0.000 |  604.749 |   22.100
     Upper |  188 |    300 |   0.603 |   0.489 |   1.642 |   0.225 |       0.000 |       0.000 |  605.053 |   20.282
     Upper |  189 |    291 |   0.605 |   0.489 |   1.638 |   0.218 |       0.000 |       0.000 |  606.313 |   21.011
     Upper |  190 |    309 |   0.602 |   0.489 |   1.649 |   0.240 |       0.000 |       0.000 |  603.612 |   20.781
     Upper |  191 |    282 |   0.582 |   0.493 |   1.639 |   0.231 |       0.000 |       0.000 |  605.117 |   19.087
     Upper |  192 |    305 |   0.630 |   0.483 |   1.629 |   0.221 |       0.000 |       0.000 |  604.892 |   21.580
     Upper |  193 |    307 |   0.697 |   0.460 |   1.639 |   0.208 |       0.000 |       0.000 |  605.055 |   21.651
     Upper |  194 |    297 |   0.646 |   0.478 |   1.647 |   0.217 |       0.000 |       0.000 |  605.162 |   21.764
     Upper |  195 |    297 |   0.640 |   0.480 |   1.612 |   0.234 |       0.000 |       0.000 |  605.084 |   20.113
     Upper |  196 |    318 |   0.604 |   0.489 |   1.653 |   0.233 |       0.000 |       0.000 |  603.770 |   21.274
     Upper |  197 |    306 |   0.618 |   0.486 |   1.631 |   0.228 |       0.000 |       0.000 |  606.392 |   20.894
     Upper |  198 |    291 |   0.608 |   0.488 |   1.629 |   0.219 |       0.000 |       0.000 |  606.643 |   21.711
     Upper |  199 |    297 |   0.606 |   0.489 |   1.604 |   0.227 |       0.000 |       0.000 |  605.717 |   22.547
 Randomize |    1 |    503 |   1.000 |   0.000 |     inf |     nan |       1.000 |       0.000 |    0.000 |    0.000
 Randomize |    2 |    432 |   0.931 |   0.254 |     inf |     nan |       0.873 |       0.333 |    1.991 |    2.000
 Randomize |    3 |    384 |   0.875 |   0.331 |     inf |     nan |       0.745 |       0.436 |    8.438 |    5.483
 Randomize |    4 |    392 |   0.793 |   0.405 |     inf |     nan |       0.597 |       0.491 |   44.571 |   12.362
 Randomize |    5 |    361 |   0.803 |   0.397 |     inf |     nan |       0.607 |       0.488 |  270.249 |   52.105
 Randomize |    6 |    369 |   0.824 |   0.381 |   3.129 |     nan |       0.439 |       0.496 |  740.163 |  141.851
 Randomize |    7 |    352 |   0.801 |   0.399 |   3.801 |     nan |       0.457 |       0.498 |  717.327 |   89.252
 Randomize |    8 |    323 |   0.814 |   0.389 |   2.901 |     nan |       0.399 |       0.490 |  687.406 |   69.137
 Randomize |    9 |    356 |   0.761 |   0.426 |   2.599 |     nan |       0.360 |       0.480 |  685.022 |  101.241
 Randomize |   10 |    341 |   0.721 |   0.448 |   2.450 |     nan |       0.264 |       0.441 |  686.021 |   78.866
 Randomize |   11 |    334 |   0.716 |   0.451 |   2.270 |     nan |       0.222 |       0.415 |  667.719 |   20.973
 Randomize |   12 |    324 |   0.707 |   0.455 |   2.220 |     nan |       0.117 |       0.322 |  663.682 |   73.298
 Randomize |   13 |    323 |   0.724 |   0.447 |   2.089 |     nan |       0.071 |       0.257 |  668.115 |   71.065
 Randomize |   14 |    350 |   0.700 |   0.458 |   2.068 |     nan |       0.031 |       0.174 |  656.171 |   44.565
 Randomize |   15 |    310 |   0.665 |   0.472 |   2.105 |     nan |       0.019 |       0.138 |  653.935 |   53.202
 Randomize |   16 |    336 |   0.702 |   0.457 |   2.082 |     nan |       0.006 |       0.077 |  651.583 |   62.798
 Randomize |   17 |    325 |   0.702 |   0.458 |   2.022 |   1.081 |       0.000 |       0.000 |  645.277 |   48.568
 Randomize |   18 |    314 |   0.704 |   0.457 |   2.017 |   1.070 |       0.000 |       0.000 |  643.898 |   40.513
 Randomize |   19 |    331 |   0.743 |   0.437 |   2.010 |   0.888 |       0.000 |       0.000 |  650.172 |   55.393
 Randomize |   20 |    305 |   0.679 |   0.467 |   1.858 |   0.856 |       0.000 |       0.000 |  638.328 |   49.331
 Randomize |   21 |    309 |   0.644 |   0.479 |   1.895 |   0.912 |       0.000 |       0.000 |  639.356 |   20.215
 Randomize |   22 |    325 |   0.674 |   0.469 |   1.848 |   0.884 |       0.000 |       0.000 |  634.634 |   46.096
 Randomize |   23 |    321 |   0.710 |   0.454 |   1.828 |   0.865 |       0.000 |       0.000 |  637.505 |   43.169
 Randomize |   24 |    308 |   0.682 |   0.466 |   1.818 |   0.752 |       0.000 |       0.000 |  634.539 |   30.490
 Randomize |   25 |    319 |   0.655 |   0.475 |   1.794 |   0.722 |       0.000 |       0.000 |  635.166 |   36.674
 Randomize |   26 |    332 |   0.627 |   0.484 |   1.841 |   0.678 |       0.000 |       0.000 |  632.009 |   42.055
 Randomize |   27 |    314 |   0.643 |   0.479 |   1.811 |   0.686 |       0.000 |       0.000 |  629.662 |   34.709
 Randomize |   28 |    317 |   0.666 |   0.472 |   1.853 |   0.651 |       0.000 |       0.000 |  629.855 |   28.795
 Randomize |   29 |    293 |   0.720 |   0.449 |   1.785 |   0.643 |       0.000 |       0.000 |  629.491 |   41.163
 Randomize |   30 |    324 |   0.682 |   0.466 |   1.839 |   0.642 |       0.000 |       0.000 |  626.735 |   36.005
 Randomize |   31 |    305 |   0.669 |   0.471 |   1.883 |   0.594 |       0.000 |       0.000 |  627.131 |   20.977
 Randomize |   32 |    316 |   0.680 |   0.466 |   1.752 |   0.606 |       0.000 |       0.000 |  626.291 |   33.135
 Randomize |   33 |    316 |   0.642 |   0.479 |   1.697 |   0.605 |       0.000 |       0.000 |  626.323 |   35.296
 Randomize |   34 |    343 |   0.671 |   0.470 |   1.766 |   0.623 |       0.000 |       0.000 |  625.901 |   23.950
 Randomize |   35 |    311 |   0.611 |   0.488 |   1.722 |   0.559 |       0.000 |       0.000 |  623.466 |   30.933
 Randomize |   36 |    328 |   0.613 |   0.487 |   1.772 |   0.567 |       0.000 |       0.000 |  623.457 |   34.878
 Randomize |   37 |    299 |   0.732 |   0.443 |   1.751 |   0.526 |       0.000 |       0.000 |  624.452 |   29.453
 Randomize |   38 |    303 |   0.667 |   0.471 |   1.723 |   0.545 |       0.000 |       0.000 |  621.515 |   25.188
 Randomize |   39 |    284 |   0.669 |   0.471 |   1.783 |   0.505 |       0.000 |       0.000 |  622.489 |   32.168
 Randomize |   40 |    288 |   0.660 |   0.474 |   1.722 |   0.539 |       0.000 |       0.000 |  620.156 |   33.669
 Randomize |   41 |    304 |   0.655 |   0.475 |   1.675 |   0.513 |       0.000 |       0.000 |  621.115 |   19.975
 Randomize |   42 |    293 |   0.635 |   0.481 |   1.649 |   0.517 |       0.000 |       0.000 |  621.666 |   30.847
 Randomize |   43 |    325 |   0.634 |   0.482 |   1.679 |   0.525 |       0.000 |       0.000 |  621.628 |   29.632
 Randomize |   44 |    322 |   0.661 |   0.473 |   1.658 |   0.474 |       0.000 |       0.000 |  619.978 |   23.343
 Randomize |   45 |    302 |   0.626 |   0.484 |   1.685 |   0.514 |       0.000 |       0.000 |  615.924 |   27.776
 Randomize |   46 |    294 |   0.629 |   0.483 |   1.748 |   0.508 |       0.000 |       0.000 |  616.163 |   28.983
 Randomize |   47 |    295 |   0.597 |   0.491 |   1.677 |   0.451 |       0.000 |       0.000 |  618.797 |   26.470
 Randomize |   48 |    298 |   0.668 |   0.471 |   1.707 |   0.475 |       0.000 |       0.000 |  615.681 |   23.821
 Randomize |   49 |    300 |   0.607 |   0.488 |   1.678 |   0.450 |       0.000 |       0.000 |  615.913 |   29.436
 Randomize |   50 |    303 |   0.597 |   0.490 |   1.662 |   0.438 |       0.000 |       0.000 |  614.881 |   25.583
 Randomize |   51 |    321 |   0.589 |   0.492 |   1.693 |   0.442 |       0.000 |       0.000 |  617.863 |   20.631
 Randomize |   52 |    287 |   0.638 |   0.481 |   1.667 |   0.441 |       0.000 |       0.000 |  616.028 |   27.426
 Randomize |   53 |    313 |   0.655 |   0.475 |   1.690 |   0.437 |       0.000 |       0.000 |  615.265 |   28.911
 Randomize |   54 |    349 |   0.573 |   0.495 |   1.654 |   0.427 |       0.000 |       0.000 |  615.562 |   24.333
 Randomize |   55 |    281 |   0.637 |   0.481 |   1.656 |   0.455 |       0.000 |       0.000 |  614.655 |   24.551
 Randomize |   56 |    320 |   0.619 |   0.486 |   1.628 |   0.430 |       0.000 |       0.000 |  614.853 |   26.902
 Randomize |   57 |    319 |   0.661 |   0.473 |   1.614 |   0.447 |       0.000 |       0.000 |  615.201 |   23.749
 Randomize |   58 |    294 |   0.595 |   0.491 |   1.676 |   0.422 |       0.000 |       0.000 |  615.541 |   22.017
 Randomize |   59 |    304 |   0.609 |   0.488 |   1.695 |   0.412 |       0.000 |       0.000 |  615.303 |   24.450
 Randomize |   60 |    321 |   0.654 |   0.476 |   1.678 |   0.425 |       0.000 |       0.000 |  614.723 |   26.201
 Randomize |   61 |    301 |   0.598 |   0.490 |   1.653 |   0.398 |       0.000 |       0.000 |  613.409 |   19.618
 Randomize |   62 |    319 |   0.596 |   0.491 |   1.621 |   0.401 |       0.000 |       0.000 |  614.201 |   24.275
 Randomize |   63 |    317 |   0.615 |   0.487 |   1.568 |   0.408 |       0.000 |       0.000 |  615.524 |   25.488
 Randomize |   64 |    283 |   0.661 |   0.473 |   1.581 |   0.396 |       0.000 |       0.000 |  613.484 |   22.105
 Randomize |   65 |    299 |   0.649 |   0.477 |   1.684 |   0.435 |       0.000 |       0.000 |  613.893 |   24.313
 Randomize |   66 |    281 |   0.559 |   0.497 |   1.620 |   0.380 |       0.000 |       0.000 |  612.160 |   26.491
 Randomize |   67 |    281 |   0.598 |   0.490 |   1.596 |   0.405 |       0.000 |       0.000 |  611.893 |   25.196
 Randomize |   68 |    319 |   0.614 |   0.487 |   1.640 |   0.399 |       0.000 |       0.000 |  611.661 |   22.357
 Randomize |   69 |    316 |   0.630 |   0.483 |   1.623 |   0.396 |       0.000 |       0.000 |  615.089 |   23.611
 Randomize |   70 |    320 |   0.616 |   0.486 |   1.677 |   0.412 |       0.000 |       0.000 |  613.678 |   24.249
 Randomize |   71 |    285 |   0.649 |   0.477 |   1.610 |   0.377 |       0.000 |       0.000 |  614.340 |   22.023
 Randomize |   72 |    317 |   0.615 |   0.487 |   1.591 |   0.372 |       0.000 |       0.000 |  612.196 |   22.508
 Randomize |   73 |    296 |   0.635 |   0.481 |   1.658 |   0.374 |       0.000 |       0.000 |  612.581 |   23.551
 Randomize |   74 |    304 |   0.559 |   0.496 |   1.597 |   0.371 |       0.000 |       0.000 |  614.493 |   21.670
 Randomize |   75 |    278 |   0.655 |   0.475 |   1.619 |   0.399 |       0.000 |       0.000 |  613.353 |   23.222
 Randomize |   76 |    306 |   0.667 |   0.471 |   1.631 |   0.391 |       0.000 |       0.000 |  611.520 |   25.229
 Randomize |   77 |    315 |   0.629 |   0.483 |   1.628 |   0.369 |       0.000 |       0.000 |  610.930 |   22.421
 Randomize |   78 |    297 |   0.660 |   0.474 |   1.650 |   0.378 |       0.000 |       0.000 |  611.145 |   22.257
 Randomize |   79 |    285 |   0.554 |   0.497 |   1.628 |   0.361 |       0.000 |       0.000 |  612.979 |   26.915
 Randomize |   80 |    307 |   0.606 |   0.489 |   1.615 |   0.353 |       0.000 |       0.000 |  613.049 |   23.167
 Randomize |   81 |    290 |   0.652 |   0.476 |   1.649 |   0.345 |       0.000 |       0.000 |  611.459 |   21.224
 Randomize |   82 |    293 |   0.597 |   0.490 |   1.609 |   0.345 |       0.000 |       0.000 |  608.792 |   24.191
 Randomize |   83 |    314 |   0.643 |   0.479 |   1.643 |   0.366 |       0.000 |       0.000 |  607.532 |   24.390
 Randomize |   84 |    312 |   0.599 |   0.490 |   1.625 |   0.336 |       0.000 |       0.000 |  610.061 |   21.960
 Randomize |   85 |    305 |   0.689 |   0.463 |   1.652 |   0.308 |       0.000 |       0.000 |  609.256 |   22.559
 Randomize |   86 |    282 |   0.589 |   0.492 |   1.609 |   0.351 |       0.000 |       0.000 |  609.160 |   24.850
 Randomize |   87 |    289 |   0.626 |   0.484 |   1.588 |   0.346 |       0.000 |       0.000 |  608.522 |   23.363
 Randomize |   88 |    314 |   0.605 |   0.489 |   1.618 |   0.339 |       0.000 |       0.000 |  610.707 |   20.649
 Randomize |   89 |    294 |   0.639 |   0.480 |   1.631 |   0.334 |       0.000 |       0.000 |  612.031 |   23.059
 Randomize |   90 |    311 |   0.640 |   0.480 |   1.592 |   0.346 |       0.000 |       0.000 |  611.322 |   23.392
 Randomize |   91 |    293 |   0.621 |   0.485 |   1.630 |   0.321 |       0.000 |       0.000 |  610.727 |   20.448
 Randomize |   92 |    302 |   0.606 |   0.489 |   1.594 |   0.335 |       0.000 |       0.000 |  611.639 |   21.187
 Randomize |   93 |    300 |   0.593 |   0.491 |   1.586 |   0.334 |       0.000 |       0.000 |  609.757 |   24.335
 Randomize |   94 |    275 |   0.604 |   0.489 |   1.645 |   0.320 |       0.000 |       0.000 |  608.055 |   21.284
 Randomize |   95 |    305 |   0.597 |   0.491 |   1.599 |   0.313 |       0.000 |       0.000 |  609.813 |   22.468
 Randomize |   96 |    285 |   0.667 |   0.471 |   1.596 |   0.318 |       0.000 |       0.000 |  608.653 |   22.474
 Randomize |   97 |    285 |   0.628 |   0.483 |   1.583 |   0.329 |       0.000 |       0.000 |  606.775 |   21.483
 Randomize |   98 |    304 |   0.602 |   0.489 |   1.602 |   0.319 |       0.000 |       0.000 |  609.339 |   22.223
 Randomize |   99 |    297 |   0.623 |   0.485 |   1.642 |   0.335 |       0.000 |       0.000 |  609.852 |   23.370
 Randomize |  100 |    306 |   0.654 |   0.476 |   1.598 |   0.325 |       0.000 |       0.000 |  610.216 |   22.737
 Randomize |  101 |    309 |   0.647 |   0.478 |   1.583 |   0.340 |       0.000 |       0.000 |  611.288 |   20.318
 Randomize |  102 |    310 |   0.626 |   0.484 |   1.602 |   0.287 |       0.000 |       0.000 |  608.461 |   23.604
 Randomize |  103 |    300 |   0.633 |   0.482 |   1.591 |   0.316 |       0.000 |       0.000 |  609.993 |   22.730
 Randomize |  104 |    314 |   0.621 |   0.485 |   1.611 |   0.308 |       0.000 |       0.000 |  608.347 |   21.418
 Randomize |  105 |    285 |   0.618 |   0.486 |   1.597 |   0.298 |       0.000 |       0.000 |  609.112 |   21.905
 Randomize |  106 |    290 |   0.610 |   0.488 |   1.635 |   0.321 |       0.000 |       0.000 |  610.886 |   21.068
 Randomize |  107 |    288 |   0.569 |   0.495 |   1.616 |   0.290 |       0.000 |       0.000 |  608.944 |   20.698
 Randomize |  108 |    317 |   0.653 |   0.476 |   1.624 |   0.300 |       0.000 |       0.000 |  609.558 |   20.843
 Randomize |  109 |    283 |   0.594 |   0.491 |   1.616 |   0.315 |       0.000 |       0.000 |  608.166 |   21.772
 Randomize |  110 |    304 |   0.612 |   0.487 |   1.608 |   0.305 |       0.000 |       0.000 |  608.151 |   22.542
 Randomize |  111 |    276 |   0.594 |   0.491 |   1.632 |   0.306 |       0.000 |       0.000 |  609.917 |   20.190
 Randomize |  112 |    301 |   0.638 |   0.481 |   1.592 |   0.299 |       0.000 |       0.000 |  608.980 |   20.638
 Randomize |  113 |    301 |   0.625 |   0.484 |   1.621 |   0.298 |       0.000 |       0.000 |  606.585 |   22.145
 Randomize |  114 |    318 |   0.651 |   0.477 |   1.580 |   0.290 |       0.000 |       0.000 |  608.557 |   20.226
 Randomize |  115 |    302 |   0.652 |   0.476 |   1.600 |   0.299 |       0.000 |       0.000 |  608.596 |   22.779
 Randomize |  116 |    304 |   0.576 |   0.494 |   1.574 |   0.271 |       0.000 |       0.000 |  607.141 |   22.098
 Randomize |  117 |    293 |   0.539 |   0.498 |   1.639 |   0.284 |       0.000 |       0.000 |  608.061 |   20.451
 Randomize |  118 |    307 |   0.603 |   0.489 |   1.632 |   0.294 |       0.000 |       0.000 |  609.257 |   20.140
 Randomize |  119 |    298 |   0.554 |   0.497 |   1.628 |   0.275 |       0.000 |       0.000 |  607.611 |   21.624
 Randomize |  120 |    292 |   0.575 |   0.494 |   1.596 |   0.278 |       0.000 |       0.000 |  607.161 |   21.677
 Randomize |  121 |    308 |   0.649 |   0.477 |   1.599 |   0.286 |       0.000 |       0.000 |  607.584 |   20.112
 Randomize |  122 |    297 |   0.636 |   0.481 |   1.634 |   0.292 |       0.000 |       0.000 |  607.000 |   21.300
 Randomize |  123 |    276 |   0.659 |   0.474 |   1.625 |   0.278 |       0.000 |       0.000 |  609.399 |   24.487
 Randomize |  124 |    307 |   0.629 |   0.483 |   1.606 |   0.280 |       0.000 |       0.000 |  610.316 |   20.499
 Randomize |  125 |    277 |   0.675 |   0.468 |   1.631 |   0.288 |       0.000 |       0.000 |  606.834 |   21.204
 Randomize |  126 |    294 |   0.656 |   0.475 |   1.584 |   0.266 |       0.000 |       0.000 |  606.279 |   21.183
 Randomize |  127 |    298 |   0.587 |   0.492 |   1.595 |   0.277 |       0.000 |       0.000 |  608.879 |   21.410
 Randomize |  128 |    289 |   0.606 |   0.489 |   1.625 |   0.266 |       0.000 |       0.000 |  607.827 |   21.635
 Randomize |  129 |    298 |   0.624 |   0.484 |   1.603 |   0.277 |       0.000 |       0.000 |  608.711 |   22.344
 Randomize |  130 |    286 |   0.654 |   0.476 |   1.593 |   0.267 |       0.000 |       0.000 |  608.182 |   22.790
 Randomize |  131 |    291 |   0.595 |   0.491 |   1.571 |   0.269 |       0.000 |       0.000 |  606.395 |   20.874
 Randomize |  132 |    284 |   0.602 |   0.489 |   1.599 |   0.292 |       0.000 |       0.000 |  607.648 |   21.268
 Randomize |  133 |    289 |   0.585 |   0.493 |   1.606 |   0.269 |       0.000 |       0.000 |  607.156 |   22.486
 Randomize |  134 |    343 |   0.601 |   0.490 |   1.608 |   0.284 |       0.000 |       0.000 |  606.574 |   20.535
 Randomize |  135 |    308 |   0.610 |   0.488 |   1.581 |   0.271 |       0.000 |       0.000 |  607.107 |   22.075
 Randomize |  136 |    315 |   0.629 |   0.483 |   1.588 |   0.281 |       0.000 |       0.000 |  606.629 |   22.696
 Randomize |  137 |    299 |   0.632 |   0.482 |   1.581 |   0.263 |       0.000 |       0.000 |  608.104 |   21.506
 Randomize |  138 |    310 |   0.629 |   0.483 |   1.567 |   0.276 |       0.000 |       0.000 |  605.916 |   21.745
 Randomize |  139 |    305 |   0.607 |   0.489 |   1.597 |   0.279 |       0.000 |       0.000 |  606.695 |   22.545
 Randomize |  140 |    298 |   0.597 |   0.490 |   1.576 |   0.263 |       0.000 |       0.000 |  608.020 |   19.206
 Randomize |  141 |    314 |   0.611 |   0.487 |   1.570 |   0.253 |       0.000 |       0.000 |  607.331 |   19.133
 Randomize |  142 |    283 |   0.572 |   0.495 |   1.585 |   0.256 |       0.000 |       0.000 |  607.463 |   20.818
 Randomize |  143 |    317 |   0.659 |   0.474 |   1.568 |   0.263 |       0.000 |       0.000 |  608.669 |   20.691
 Randomize |  144 |    327 |   0.642 |   0.479 |   1.596 |   0.271 |       0.000 |       0.000 |  607.138 |   19.451
 Randomize |  145 |    296 |   0.598 |   0.490 |   1.614 |   0.238 |       0.000 |       0.000 |  608.936 |   21.896
 Randomize |  146 |    297 |   0.593 |   0.491 |   1.584 |   0.236 |       0.000 |       0.000 |  606.468 |   21.643
 Randomize |  147 |    287 |   0.610 |   0.488 |   1.578 |   0.256 |       0.000 |       0.000 |  605.767 |   19.952
 Randomize |  148 |    304 |   0.579 |   0.494 |   1.606 |   0.250 |       0.000 |       0.000 |  605.076 |   21.376
 Randomize |  149 |    304 |   0.625 |   0.484 |   1.581 |   0.242 |       0.000 |       0.000 |  604.316 |   21.589
 Randomize |  150 |    281 |   0.591 |   0.492 |   1.577 |   0.240 |       0.000 |       0.000 |  605.260 |   20.341
 Randomize |  151 |    293 |   0.611 |   0.488 |   1.628 |   0.252 |       0.000 |       0.000 |  607.474 |   21.127
 Randomize |  152 |    298 |   0.634 |   0.482 |   1.553 |   0.241 |       0.000 |       0.000 |  606.708 |   21.191
 Randomize |  153 |    297 |   0.626 |   0.484 |   1.604 |   0.241 |       0.000 |       0.000 |  606.519 |   21.162
 Randomize |  154 |    285 |   0.575 |   0.494 |   1.587 |   0.239 |       0.000 |       0.000 |  607.025 |   21.602
 Randomize |  155 |    268 |   0.679 |   0.467 |   1.591 |   0.256 |       0.000 |       0.000 |  604.907 |   20.105
 Randomize |  156 |    305 |   0.646 |   0.478 |   1.586 |   0.246 |       0.000 |       0.000 |  605.262 |   20.166
 Randomize |  157 |    334 |   0.644 |   0.479 |   1.599 |   0.239 |       0.000 |       0.000 |  605.368 |   21.243
 Randomize |  158 |    315 |   0.590 |   0.492 |   1.595 |   0.238 |       0.000 |       0.000 |  606.810 |   19.776
 Randomize |  159 |    324 |   0.577 |   0.494 |   1.606 |   0.246 |       0.000 |       0.000 |  604.497 |   21.037
 Randomize |  160 |    309 |   0.618 |   0.486 |   1.598 |   0.246 |       0.000 |       0.000 |  605.172 |   20.236
 Randomize |  161 |    291 |   0.625 |   0.484 |   1.574 |   0.233 |       0.000 |       0.000 |  604.952 |   20.120
 Randomize |  162 |    344 |   0.642 |   0.479 |   1.600 |   0.232 |       0.000 |       0.000 |  604.945 |   21.327
 Randomize |  163 |    309 |   0.612 |   0.487 |   1.571 |   0.238 |       0.000 |       0.000 |  606.392 |   21.837
 Randomize |  164 |    300 |   0.633 |   0.482 |   1.593 |   0.251 |       0.000 |       0.000 |  604.083 |   19.971
 Randomize |  165 |    299 |   0.625 |   0.484 |   1.581 |   0.247 |       0.000 |       0.000 |  604.809 |   22.232
 Randomize |  166 |    298 |   0.607 |   0.488 |   1.602 |   0.248 |       0.000 |       0.000 |  605.336 |   23.187
 Randomize |  167 |    287 |   0.672 |   0.469 |   1.571 |   0.252 |       0.000 |       0.000 |  607.296 |   21.222
 Randomize |  168 |    294 |   0.616 |   0.486 |   1.555 |   0.234 |       0.000 |       0.000 |  604.466 |   21.528
 Randomize |  169 |    310 |   0.577 |   0.494 |   1.573 |   0.239 |       0.000 |       0.000 |  604.106 |   20.494
 Randomize |  170 |    316 |   0.646 |   0.478 |   1.596 |   0.241 |       0.000 |       0.000 |  607.497 |   20.491
 Randomize |  171 |    297 |   0.646 |   0.478 |   1.590 |   0.257 |       0.000 |       0.000 |  605.044 |   20.096
 Randomize |  172 |    304 |   0.641 |   0.480 |   1.569 |   0.229 |       0.000 |       0.000 |  606.688 |   20.344
 Randomize |  173 |    312 |   0.599 |   0.490 |   1.546 |   0.248 |       0.000 |       0.000 |  605.529 |   21.125
 Randomize |  174 |    330 |   0.615 |   0.487 |   1.576 |   0.234 |       0.000 |       0.000 |  607.039 |   21.149
 Randomize |  175 |    297 |   0.576 |   0.494 |   1.568 |   0.220 |       0.000 |       0.000 |  603.108 |   21.250
 Randomize |  176 |    304 |   0.641 |   0.480 |   1.600 |   0.234 |       0.000 |       0.000 |  607.224 |   22.063
 Randomize |  177 |    289 |   0.623 |   0.485 |   1.583 |   0.225 |       0.000 |       0.000 |  605.166 |   21.556
 Randomize |  178 |    297 |   0.623 |   0.485 |   1.576 |   0.230 |       0.000 |       0.000 |  604.306 |   19.745
 Randomize |  179 |    324 |   0.611 |   0.487 |   1.612 |   0.216 |       0.000 |       0.000 |  604.731 |   21.841
 Randomize |  180 |    294 |   0.609 |   0.488 |   1.582 |   0.224 |       0.000 |       0.000 |  604.704 |   23.331
 Randomize |  181 |    306 |   0.654 |   0.476 |   1.571 |   0.232 |       0.000 |       0.000 |  604.131 |   20.178
 Randomize |  182 |    296 |   0.618 |   0.486 |   1.625 |   0.254 |       0.000 |       0.000 |  603.865 |   20.602
 Randomize |  183 |    301 |   0.575 |   0.494 |   1.567 |   0.249 |       0.000 |       0.000 |  604.698 |   20.188
 Randomize |  184 |    304 |   0.664 |   0.472 |   1.571 |   0.222 |       0.000 |       0.000 |  606.138 |   20.105
 Randomize |  185 |    279 |   0.659 |   0.474 |   1.578 |   0.234 |       0.000 |       0.000 |  606.713 |   19.727
 Randomize |  186 |    321 |   0.611 |   0.488 |   1.563 |   0.230 |       0.000 |       0.000 |  603.735 |   21.381
 Randomize |  187 |    271 |   0.587 |   0.492 |   1.580 |   0.241 |       0.000 |       0.000 |  604.926 |   22.272
 Randomize |  188 |    300 |   0.580 |   0.494 |   1.581 |   0.226 |       0.000 |       0.000 |  605.197 |   20.238
 Randomize |  189 |    291 |   0.581 |   0.493 |   1.564 |   0.211 |       0.000 |       0.000 |  606.289 |   21.051
 Randomize |  190 |    309 |   0.583 |   0.493 |   1.587 |   0.239 |       0.000 |       0.000 |  603.618 |   20.791
 Randomize |  191 |    282 |   0.557 |   0.497 |   1.580 |   0.234 |       0.000 |       0.000 |  605.099 |   19.103
 Randomize |  192 |    305 |   0.603 |   0.489 |   1.582 |   0.225 |       0.000 |       0.000 |  604.925 |   21.551
 Randomize |  193 |    307 |   0.678 |   0.467 |   1.569 |   0.207 |       0.000 |       0.000 |  604.805 |   21.555
 Randomize |  194 |    297 |   0.626 |   0.484 |   1.587 |   0.214 |       0.000 |       0.000 |  605.101 |   21.803
 Randomize |  195 |    297 |   0.623 |   0.485 |   1.563 |   0.230 |       0.000 |       0.000 |  605.222 |   20.041
 Randomize |  196 |    318 |   0.588 |   0.492 |   1.591 |   0.226 |       0.000 |       0.000 |  603.692 |   21.396
 Randomize |  197 |    306 |   0.598 |   0.490 |   1.578 |   0.227 |       0.000 |       0.000 |  606.552 |   20.942
 Randomize |  198 |    291 |   0.591 |   0.492 |   1.573 |   0.214 |       0.000 |       0.000 |  606.577 |   21.670
 Randomize |  199 |    297 |   0.582 |   0.493 |   1.554 |   0.226 |       0.000 |       0.000 |  605.737 |   22.367
