Experiment Results - 20250818_210438
==================================================
n_online_list: [200]
n_runs: 1000
alpha: 0.4
M: 1000
==================================================

Per-t selection conditional statistics (mean/std across simulations):
    Method |    t |  Count | CovMean |  CovStd | LenMedian |  LenStd | InfFracMean |  InfFracStd |  CalMean |   CalStd
------------------------------------------------------------------------------------------------------
     Upper |    1 |    503 |   0.636 |   0.481 |   1.407 |   0.267 |       0.000 |       0.000 |  499.853 |   15.488
     Upper |    2 |    490 |   0.651 |   0.477 |   1.507 |   0.294 |       0.000 |       0.000 |  502.778 |   19.102
     Upper |    3 |    476 |   0.676 |   0.468 |   1.522 |   0.307 |       0.000 |       0.000 |  503.895 |   22.164
     Upper |    4 |    523 |   0.620 |   0.486 |   1.503 |   0.321 |       0.000 |       0.000 |  503.315 |   23.446
     Upper |    5 |    480 |   0.646 |   0.478 |   1.540 |   0.317 |       0.000 |       0.000 |  503.312 |   24.711
     Upper |    6 |    512 |   0.666 |   0.472 |   1.548 |   0.330 |       0.000 |       0.000 |  503.480 |   24.439
     Upper |    7 |    505 |   0.653 |   0.476 |   1.518 |   0.321 |       0.000 |       0.000 |  502.483 |   25.616
     Upper |    8 |    476 |   0.649 |   0.477 |   1.530 |   0.329 |       0.000 |       0.000 |  502.242 |   24.354
     Upper |    9 |    524 |   0.666 |   0.472 |   1.530 |   0.332 |       0.000 |       0.000 |  502.307 |   23.925
     Upper |   10 |    503 |   0.620 |   0.485 |   1.543 |   0.322 |       0.000 |       0.000 |  501.674 |   24.665
     Upper |   11 |    497 |   0.676 |   0.468 |   1.538 |   0.319 |       0.000 |       0.000 |  503.195 |   25.562
     Upper |   12 |    485 |   0.633 |   0.482 |   1.540 |   0.317 |       0.000 |       0.000 |  502.746 |   24.615
     Upper |   13 |    491 |   0.664 |   0.472 |   1.505 |   0.341 |       0.000 |       0.000 |  504.128 |   24.676
     Upper |   14 |    537 |   0.607 |   0.488 |   1.520 |   0.322 |       0.000 |       0.000 |  502.845 |   25.253
     Upper |   15 |    504 |   0.631 |   0.483 |   1.537 |   0.324 |       0.000 |       0.000 |  504.788 |   24.128
     Upper |   16 |    516 |   0.647 |   0.478 |   1.516 |   0.321 |       0.000 |       0.000 |  502.905 |   25.287
     Upper |   17 |    496 |   0.665 |   0.472 |   1.538 |   0.331 |       0.000 |       0.000 |  502.970 |   24.628
     Upper |   18 |    497 |   0.648 |   0.478 |   1.540 |   0.319 |       0.000 |       0.000 |  502.141 |   24.074
     Upper |   19 |    520 |   0.690 |   0.462 |   1.510 |   0.329 |       0.000 |       0.000 |  502.162 |   24.434
     Upper |   20 |    479 |   0.635 |   0.482 |   1.554 |   0.305 |       0.000 |       0.000 |  502.841 |   25.718
     Upper |   21 |    501 |   0.659 |   0.474 |   1.523 |   0.344 |       0.000 |       0.000 |  500.443 |   23.799
     Upper |   22 |    526 |   0.631 |   0.482 |   1.523 |   0.330 |       0.000 |       0.000 |  504.388 |   24.657
     Upper |   23 |    499 |   0.687 |   0.464 |   1.530 |   0.321 |       0.000 |       0.000 |  503.405 |   25.882
     Upper |   24 |    507 |   0.645 |   0.479 |   1.530 |   0.313 |       0.000 |       0.000 |  501.929 |   25.264
     Upper |   25 |    506 |   0.646 |   0.478 |   1.525 |   0.317 |       0.000 |       0.000 |  502.057 |   25.003
     Upper |   26 |    514 |   0.619 |   0.486 |   1.504 |   0.316 |       0.000 |       0.000 |  501.430 |   25.263
     Upper |   27 |    510 |   0.659 |   0.474 |   1.501 |   0.334 |       0.000 |       0.000 |  502.304 |   24.382
     Upper |   28 |    496 |   0.641 |   0.480 |   1.523 |   0.309 |       0.000 |       0.000 |  503.871 |   24.869
     Upper |   29 |    491 |   0.678 |   0.467 |   1.509 |   0.320 |       0.000 |       0.000 |  502.454 |   25.397
     Upper |   30 |    513 |   0.676 |   0.468 |   1.548 |   0.325 |       0.000 |       0.000 |  501.832 |   24.220
     Upper |   31 |    511 |   0.656 |   0.475 |   1.523 |   0.317 |       0.000 |       0.000 |  501.186 |   25.127
     Upper |   32 |    503 |   0.704 |   0.457 |   1.505 |   0.339 |       0.000 |       0.000 |  502.398 |   25.002
     Upper |   33 |    503 |   0.674 |   0.469 |   1.524 |   0.316 |       0.000 |       0.000 |  503.654 |   24.775
     Upper |   34 |    503 |   0.640 |   0.480 |   1.516 |   0.340 |       0.000 |       0.000 |  502.217 |   24.119
     Upper |   35 |    470 |   0.655 |   0.475 |   1.496 |   0.311 |       0.000 |       0.000 |  501.123 |   23.459
     Upper |   36 |    516 |   0.612 |   0.487 |   1.538 |   0.321 |       0.000 |       0.000 |  502.324 |   23.231
     Upper |   37 |    500 |   0.702 |   0.457 |   1.519 |   0.320 |       0.000 |       0.000 |  503.646 |   24.698
     Upper |   38 |    513 |   0.659 |   0.474 |   1.498 |   0.318 |       0.000 |       0.000 |  502.265 |   23.663
     Upper |   39 |    482 |   0.678 |   0.467 |   1.529 |   0.318 |       0.000 |       0.000 |  502.232 |   24.702
     Upper |   40 |    481 |   0.649 |   0.477 |   1.519 |   0.320 |       0.000 |       0.000 |  502.723 |   23.231
     Upper |   41 |    508 |   0.667 |   0.471 |   1.500 |   0.321 |       0.000 |       0.000 |  500.870 |   24.288
     Upper |   42 |    485 |   0.647 |   0.478 |   1.514 |   0.319 |       0.000 |       0.000 |  503.047 |   24.495
     Upper |   43 |    527 |   0.641 |   0.480 |   1.507 |   0.304 |       0.000 |       0.000 |  501.159 |   23.012
     Upper |   44 |    509 |   0.658 |   0.474 |   1.519 |   0.315 |       0.000 |       0.000 |  501.525 |   24.052
     Upper |   45 |    488 |   0.621 |   0.485 |   1.520 |   0.317 |       0.000 |       0.000 |  502.275 |   23.835
     Upper |   46 |    500 |   0.636 |   0.481 |   1.511 |   0.303 |       0.000 |       0.000 |  502.234 |   23.416
     Upper |   47 |    491 |   0.642 |   0.480 |   1.509 |   0.315 |       0.000 |       0.000 |  502.391 |   23.000
     Upper |   48 |    521 |   0.660 |   0.474 |   1.504 |   0.320 |       0.000 |       0.000 |  501.495 |   23.395
     Upper |   49 |    479 |   0.635 |   0.482 |   1.488 |   0.294 |       0.000 |       0.000 |  502.994 |   22.299
     Upper |   50 |    512 |   0.625 |   0.484 |   1.508 |   0.303 |       0.000 |       0.000 |  501.998 |   22.068
     Upper |   51 |    495 |   0.602 |   0.489 |   1.516 |   0.308 |       0.000 |       0.000 |  500.923 |   23.607
     Upper |   52 |    486 |   0.621 |   0.485 |   1.490 |   0.309 |       0.000 |       0.000 |  501.823 |   23.647
     Upper |   53 |    517 |   0.625 |   0.484 |   1.504 |   0.320 |       0.000 |       0.000 |  501.721 |   23.689
     Upper |   54 |    522 |   0.590 |   0.492 |   1.486 |   0.297 |       0.000 |       0.000 |  501.569 |   23.210
     Upper |   55 |    455 |   0.640 |   0.480 |   1.506 |   0.297 |       0.000 |       0.000 |  500.815 |   23.016
     Upper |   56 |    520 |   0.602 |   0.490 |   1.482 |   0.291 |       0.000 |       0.000 |  502.290 |   22.436
     Upper |   57 |    515 |   0.633 |   0.482 |   1.503 |   0.293 |       0.000 |       0.000 |  502.177 |   23.684
     Upper |   58 |    486 |   0.601 |   0.490 |   1.496 |   0.292 |       0.000 |       0.000 |  501.815 |   23.093
     Upper |   59 |    494 |   0.615 |   0.487 |   1.492 |   0.287 |       0.000 |       0.000 |  501.648 |   22.810
     Upper |   60 |    508 |   0.648 |   0.478 |   1.494 |   0.292 |       0.000 |       0.000 |  500.551 |   23.106
     Upper |   61 |    479 |   0.608 |   0.488 |   1.475 |   0.282 |       0.000 |       0.000 |  501.307 |   22.652
     Upper |   62 |    514 |   0.586 |   0.493 |   1.481 |   0.281 |       0.000 |       0.000 |  503.086 |   21.878
     Upper |   63 |    503 |   0.632 |   0.482 |   1.484 |   0.293 |       0.000 |       0.000 |  501.511 |   21.887
     Upper |   64 |    497 |   0.664 |   0.472 |   1.498 |   0.257 |       0.000 |       0.000 |  501.700 |   22.202
     Upper |   65 |    490 |   0.645 |   0.479 |   1.492 |   0.285 |       0.000 |       0.000 |  503.024 |   23.401
     Upper |   66 |    489 |   0.589 |   0.492 |   1.484 |   0.274 |       0.000 |       0.000 |  501.648 |   22.708
     Upper |   67 |    493 |   0.623 |   0.485 |   1.464 |   0.280 |       0.000 |       0.000 |  501.992 |   20.821
     Upper |   68 |    512 |   0.580 |   0.494 |   1.489 |   0.282 |       0.000 |       0.000 |  502.365 |   21.494
     Upper |   69 |    507 |   0.639 |   0.480 |   1.471 |   0.261 |       0.000 |       0.000 |  501.444 |   21.275
     Upper |   70 |    508 |   0.618 |   0.486 |   1.482 |   0.266 |       0.000 |       0.000 |  503.675 |   21.887
     Upper |   71 |    482 |   0.651 |   0.477 |   1.464 |   0.254 |       0.000 |       0.000 |  503.355 |   22.612
     Upper |   72 |    513 |   0.643 |   0.479 |   1.472 |   0.272 |       0.000 |       0.000 |  501.499 |   21.719
     Upper |   73 |    492 |   0.622 |   0.485 |   1.488 |   0.261 |       0.000 |       0.000 |  502.205 |   20.775
     Upper |   74 |    492 |   0.591 |   0.492 |   1.477 |   0.263 |       0.000 |       0.000 |  500.482 |   21.974
     Upper |   75 |    465 |   0.645 |   0.478 |   1.487 |   0.268 |       0.000 |       0.000 |  502.553 |   21.154
     Upper |   76 |    531 |   0.650 |   0.477 |   1.467 |   0.267 |       0.000 |       0.000 |  502.836 |   21.269
     Upper |   77 |    518 |   0.622 |   0.485 |   1.476 |   0.249 |       0.000 |       0.000 |  500.861 |   21.917
     Upper |   78 |    497 |   0.636 |   0.481 |   1.469 |   0.253 |       0.000 |       0.000 |  501.736 |   21.889
     Upper |   79 |    463 |   0.605 |   0.489 |   1.487 |   0.255 |       0.000 |       0.000 |  503.104 |   20.958
     Upper |   80 |    518 |   0.610 |   0.488 |   1.455 |   0.264 |       0.000 |       0.000 |  502.498 |   20.204
     Upper |   81 |    491 |   0.662 |   0.473 |   1.474 |   0.246 |       0.000 |       0.000 |  501.173 |   22.406
     Upper |   82 |    487 |   0.612 |   0.487 |   1.463 |   0.257 |       0.000 |       0.000 |  501.376 |   22.207
     Upper |   83 |    518 |   0.631 |   0.482 |   1.455 |   0.255 |       0.000 |       0.000 |  502.622 |   21.645
     Upper |   84 |    496 |   0.587 |   0.492 |   1.485 |   0.251 |       0.000 |       0.000 |  502.758 |   20.117
     Upper |   85 |    500 |   0.684 |   0.465 |   1.485 |   0.241 |       0.000 |       0.000 |  501.996 |   21.195
     Upper |   86 |    490 |   0.600 |   0.490 |   1.464 |   0.247 |       0.000 |       0.000 |  502.308 |   20.810
     Upper |   87 |    495 |   0.616 |   0.486 |   1.455 |   0.234 |       0.000 |       0.000 |  501.309 |   20.104
     Upper |   88 |    510 |   0.592 |   0.491 |   1.465 |   0.242 |       0.000 |       0.000 |  502.257 |   19.602
     Upper |   89 |    497 |   0.638 |   0.481 |   1.468 |   0.231 |       0.000 |       0.000 |  503.175 |   21.620
     Upper |   90 |    510 |   0.661 |   0.473 |   1.458 |   0.246 |       0.000 |       0.000 |  500.616 |   20.636
     Upper |   91 |    509 |   0.609 |   0.488 |   1.461 |   0.228 |       0.000 |       0.000 |  502.263 |   21.625
     Upper |   92 |    477 |   0.600 |   0.490 |   1.446 |   0.249 |       0.000 |       0.000 |  500.658 |   21.068
     Upper |   93 |    505 |   0.638 |   0.481 |   1.467 |   0.243 |       0.000 |       0.000 |  502.156 |   20.978
     Upper |   94 |    463 |   0.616 |   0.486 |   1.449 |   0.239 |       0.000 |       0.000 |  502.633 |   20.645
     Upper |   95 |    502 |   0.610 |   0.488 |   1.450 |   0.226 |       0.000 |       0.000 |  503.002 |   22.018
     Upper |   96 |    491 |   0.640 |   0.480 |   1.466 |   0.232 |       0.000 |       0.000 |  501.163 |   20.632
     Upper |   97 |    481 |   0.649 |   0.477 |   1.446 |   0.236 |       0.000 |       0.000 |  501.927 |   21.066
     Upper |   98 |    527 |   0.600 |   0.490 |   1.441 |   0.218 |       0.000 |       0.000 |  499.920 |   20.965
     Upper |   99 |    486 |   0.630 |   0.483 |   1.458 |   0.245 |       0.000 |       0.000 |  502.300 |   20.913
     Upper |  100 |    491 |   0.637 |   0.481 |   1.444 |   0.228 |       0.000 |       0.000 |  502.000 |   20.256
     Upper |  101 |    506 |   0.646 |   0.478 |   1.446 |   0.227 |       0.000 |       0.000 |  499.957 |   20.285
     Upper |  102 |    493 |   0.609 |   0.488 |   1.444 |   0.219 |       0.000 |       0.000 |  501.103 |   19.705
     Upper |  103 |    483 |   0.623 |   0.485 |   1.454 |   0.223 |       0.000 |       0.000 |  500.826 |   21.016
     Upper |  104 |    513 |   0.610 |   0.488 |   1.454 |   0.231 |       0.000 |       0.000 |  503.074 |   20.739
     Upper |  105 |    491 |   0.627 |   0.484 |   1.459 |   0.221 |       0.000 |       0.000 |  502.118 |   19.841
     Upper |  106 |    498 |   0.604 |   0.489 |   1.456 |   0.220 |       0.000 |       0.000 |  501.908 |   20.368
     Upper |  107 |    494 |   0.605 |   0.489 |   1.422 |   0.221 |       0.000 |       0.000 |  501.097 |   20.604
     Upper |  108 |    509 |   0.633 |   0.482 |   1.448 |   0.221 |       0.000 |       0.000 |  501.607 |   20.212
     Upper |  109 |    481 |   0.609 |   0.488 |   1.443 |   0.224 |       0.000 |       0.000 |  501.871 |   19.781
     Upper |  110 |    499 |   0.609 |   0.488 |   1.454 |   0.219 |       0.000 |       0.000 |  502.016 |   19.295
     Upper |  111 |    495 |   0.610 |   0.488 |   1.432 |   0.220 |       0.000 |       0.000 |  502.659 |   20.767
     Upper |  112 |    502 |   0.641 |   0.480 |   1.440 |   0.222 |       0.000 |       0.000 |  502.540 |   20.747
     Upper |  113 |    502 |   0.657 |   0.475 |   1.441 |   0.211 |       0.000 |       0.000 |  502.221 |   19.952
     Upper |  114 |    511 |   0.636 |   0.481 |   1.441 |   0.225 |       0.000 |       0.000 |  501.585 |   20.313
     Upper |  115 |    506 |   0.644 |   0.479 |   1.444 |   0.211 |       0.000 |       0.000 |  500.069 |   20.920
     Upper |  116 |    483 |   0.613 |   0.487 |   1.450 |   0.218 |       0.000 |       0.000 |  501.238 |   20.171
     Upper |  117 |    499 |   0.559 |   0.496 |   1.447 |   0.213 |       0.000 |       0.000 |  501.689 |   19.927
     Upper |  118 |    514 |   0.615 |   0.487 |   1.453 |   0.211 |       0.000 |       0.000 |  501.467 |   21.814
     Upper |  119 |    503 |   0.598 |   0.490 |   1.443 |   0.205 |       0.000 |       0.000 |  501.451 |   20.164
     Upper |  120 |    493 |   0.570 |   0.495 |   1.441 |   0.207 |       0.000 |       0.000 |  501.343 |   19.186
     Upper |  121 |    497 |   0.632 |   0.482 |   1.443 |   0.205 |       0.000 |       0.000 |  500.330 |   20.201
     Upper |  122 |    494 |   0.628 |   0.483 |   1.455 |   0.205 |       0.000 |       0.000 |  502.130 |   20.114
     Upper |  123 |    463 |   0.641 |   0.480 |   1.447 |   0.211 |       0.000 |       0.000 |  502.330 |   20.148
     Upper |  124 |    505 |   0.610 |   0.488 |   1.445 |   0.210 |       0.000 |       0.000 |  501.307 |   20.334
     Upper |  125 |    461 |   0.653 |   0.476 |   1.444 |   0.215 |       0.000 |       0.000 |  501.430 |   19.962
     Upper |  126 |    511 |   0.636 |   0.481 |   1.442 |   0.201 |       0.000 |       0.000 |  502.509 |   19.531
     Upper |  127 |    516 |   0.605 |   0.489 |   1.442 |   0.199 |       0.000 |       0.000 |  501.986 |   19.991
     Upper |  128 |    506 |   0.640 |   0.480 |   1.458 |   0.198 |       0.000 |       0.000 |  501.204 |   19.865
     Upper |  129 |    506 |   0.626 |   0.484 |   1.450 |   0.199 |       0.000 |       0.000 |  500.682 |   18.413
     Upper |  130 |    507 |   0.667 |   0.471 |   1.434 |   0.199 |       0.000 |       0.000 |  500.925 |   20.535
     Upper |  131 |    500 |   0.578 |   0.494 |   1.444 |   0.200 |       0.000 |       0.000 |  502.924 |   18.602
     Upper |  132 |    499 |   0.619 |   0.486 |   1.443 |   0.201 |       0.000 |       0.000 |  501.749 |   18.847
     Upper |  133 |    501 |   0.615 |   0.487 |   1.458 |   0.194 |       0.000 |       0.000 |  502.659 |   19.235
     Upper |  134 |    529 |   0.567 |   0.495 |   1.450 |   0.201 |       0.000 |       0.000 |  500.267 |   19.802
     Upper |  135 |    492 |   0.624 |   0.484 |   1.443 |   0.196 |       0.000 |       0.000 |  500.421 |   19.406
     Upper |  136 |    499 |   0.583 |   0.493 |   1.437 |   0.199 |       0.000 |       0.000 |  499.994 |   20.157
     Upper |  137 |    488 |   0.605 |   0.489 |   1.443 |   0.193 |       0.000 |       0.000 |  500.402 |   19.703
     Upper |  138 |    509 |   0.629 |   0.483 |   1.423 |   0.198 |       0.000 |       0.000 |  502.460 |   19.743
     Upper |  139 |    492 |   0.610 |   0.488 |   1.459 |   0.196 |       0.000 |       0.000 |  499.907 |   19.977
     Upper |  140 |    501 |   0.617 |   0.486 |   1.442 |   0.189 |       0.000 |       0.000 |  500.673 |   19.460
     Upper |  141 |    510 |   0.612 |   0.487 |   1.443 |   0.188 |       0.000 |       0.000 |  501.631 |   19.408
     Upper |  142 |    478 |   0.596 |   0.491 |   1.453 |   0.192 |       0.000 |       0.000 |  502.236 |   18.842
     Upper |  143 |    518 |   0.645 |   0.479 |   1.438 |   0.186 |       0.000 |       0.000 |  501.015 |   18.269
     Upper |  144 |    519 |   0.622 |   0.485 |   1.431 |   0.193 |       0.000 |       0.000 |  501.274 |   18.106
     Upper |  145 |    485 |   0.602 |   0.489 |   1.457 |   0.184 |       0.000 |       0.000 |  500.668 |   18.562
     Upper |  146 |    510 |   0.594 |   0.491 |   1.429 |   0.187 |       0.000 |       0.000 |  501.439 |   18.678
     Upper |  147 |    481 |   0.624 |   0.484 |   1.443 |   0.182 |       0.000 |       0.000 |  500.960 |   18.717
     Upper |  148 |    518 |   0.600 |   0.490 |   1.440 |   0.185 |       0.000 |       0.000 |  501.129 |   18.968
     Upper |  149 |    503 |   0.616 |   0.486 |   1.434 |   0.182 |       0.000 |       0.000 |  500.306 |   19.231
     Upper |  150 |    473 |   0.624 |   0.484 |   1.443 |   0.187 |       0.000 |       0.000 |  501.205 |   18.410
     Upper |  151 |    494 |   0.613 |   0.487 |   1.439 |   0.191 |       0.000 |       0.000 |  501.929 |   18.822
     Upper |  152 |    498 |   0.612 |   0.487 |   1.448 |   0.177 |       0.000 |       0.000 |  501.072 |   19.412
     Upper |  153 |    516 |   0.601 |   0.490 |   1.439 |   0.191 |       0.000 |       0.000 |  501.800 |   18.999
     Upper |  154 |    499 |   0.601 |   0.490 |   1.434 |   0.193 |       0.000 |       0.000 |  500.455 |   19.352
     Upper |  155 |    470 |   0.649 |   0.477 |   1.438 |   0.193 |       0.000 |       0.000 |  501.496 |   18.782
     Upper |  156 |    524 |   0.634 |   0.482 |   1.443 |   0.184 |       0.000 |       0.000 |  500.378 |   19.055
     Upper |  157 |    527 |   0.617 |   0.486 |   1.437 |   0.190 |       0.000 |       0.000 |  501.484 |   18.809
     Upper |  158 |    502 |   0.594 |   0.491 |   1.437 |   0.178 |       0.000 |       0.000 |  501.317 |   18.629
     Upper |  159 |    532 |   0.586 |   0.492 |   1.441 |   0.184 |       0.000 |       0.000 |  500.466 |   18.790
     Upper |  160 |    488 |   0.615 |   0.487 |   1.430 |   0.178 |       0.000 |       0.000 |  499.572 |   19.166
     Upper |  161 |    491 |   0.587 |   0.492 |   1.439 |   0.178 |       0.000 |       0.000 |  501.859 |   19.448
     Upper |  162 |    529 |   0.603 |   0.489 |   1.436 |   0.181 |       0.000 |       0.000 |  501.371 |   18.310
     Upper |  163 |    486 |   0.634 |   0.482 |   1.450 |   0.186 |       0.000 |       0.000 |  500.401 |   18.162
     Upper |  164 |    486 |   0.611 |   0.487 |   1.435 |   0.187 |       0.000 |       0.000 |  499.514 |   18.493
     Upper |  165 |    495 |   0.638 |   0.480 |   1.434 |   0.189 |       0.000 |       0.000 |  502.349 |   18.977
     Upper |  166 |    501 |   0.625 |   0.484 |   1.440 |   0.177 |       0.000 |       0.000 |  501.571 |   19.246
     Upper |  167 |    507 |   0.625 |   0.484 |   1.429 |   0.179 |       0.000 |       0.000 |  500.850 |   17.755
     Upper |  168 |    490 |   0.608 |   0.488 |   1.441 |   0.175 |       0.000 |       0.000 |  502.343 |   17.922
     Upper |  169 |    504 |   0.603 |   0.489 |   1.439 |   0.176 |       0.000 |       0.000 |  501.135 |   18.462
     Upper |  170 |    485 |   0.641 |   0.480 |   1.437 |   0.171 |       0.000 |       0.000 |  501.724 |   18.938
     Upper |  171 |    503 |   0.650 |   0.477 |   1.434 |   0.183 |       0.000 |       0.000 |  502.561 |   18.359
     Upper |  172 |    491 |   0.621 |   0.485 |   1.444 |   0.183 |       0.000 |       0.000 |  500.723 |   18.721
     Upper |  173 |    502 |   0.564 |   0.496 |   1.435 |   0.164 |       0.000 |       0.000 |  502.307 |   18.902
     Upper |  174 |    526 |   0.622 |   0.485 |   1.443 |   0.180 |       0.000 |       0.000 |  501.008 |   19.245
     Upper |  175 |    478 |   0.582 |   0.493 |   1.423 |   0.176 |       0.000 |       0.000 |  502.628 |   18.204
     Upper |  176 |    500 |   0.632 |   0.482 |   1.439 |   0.172 |       0.000 |       0.000 |  500.714 |   18.286
     Upper |  177 |    507 |   0.611 |   0.487 |   1.441 |   0.170 |       0.000 |       0.000 |  500.905 |   18.341
     Upper |  178 |    510 |   0.651 |   0.477 |   1.434 |   0.178 |       0.000 |       0.000 |  501.496 |   19.169
     Upper |  179 |    516 |   0.585 |   0.493 |   1.439 |   0.169 |       0.000 |       0.000 |  501.112 |   19.737
     Upper |  180 |    492 |   0.598 |   0.490 |   1.431 |   0.172 |       0.000 |       0.000 |  501.490 |   18.331
     Upper |  181 |    496 |   0.611 |   0.488 |   1.430 |   0.170 |       0.000 |       0.000 |  501.290 |   19.254
     Upper |  182 |    484 |   0.599 |   0.490 |   1.447 |   0.179 |       0.000 |       0.000 |  502.314 |   17.541
     Upper |  183 |    505 |   0.584 |   0.493 |   1.428 |   0.174 |       0.000 |       0.000 |  500.069 |   18.616
     Upper |  184 |    502 |   0.643 |   0.479 |   1.424 |   0.175 |       0.000 |       0.000 |  501.803 |   19.200
     Upper |  185 |    475 |   0.661 |   0.473 |   1.440 |   0.175 |       0.000 |       0.000 |  501.764 |   19.038
     Upper |  186 |    520 |   0.621 |   0.485 |   1.425 |   0.171 |       0.000 |       0.000 |  501.887 |   17.947
     Upper |  187 |    472 |   0.597 |   0.490 |   1.434 |   0.167 |       0.000 |       0.000 |  501.765 |   18.060
     Upper |  188 |    520 |   0.569 |   0.495 |   1.432 |   0.164 |       0.000 |       0.000 |  500.917 |   18.270
     Upper |  189 |    493 |   0.592 |   0.491 |   1.436 |   0.171 |       0.000 |       0.000 |  501.156 |   18.246
     Upper |  190 |    514 |   0.597 |   0.490 |   1.432 |   0.176 |       0.000 |       0.000 |  501.226 |   17.628
     Upper |  191 |    490 |   0.573 |   0.495 |   1.445 |   0.172 |       0.000 |       0.000 |  501.959 |   18.345
     Upper |  192 |    510 |   0.582 |   0.493 |   1.435 |   0.163 |       0.000 |       0.000 |  500.094 |   19.221
     Upper |  193 |    493 |   0.635 |   0.481 |   1.440 |   0.164 |       0.000 |       0.000 |  501.738 |   18.533
     Upper |  194 |    484 |   0.610 |   0.488 |   1.435 |   0.162 |       0.000 |       0.000 |  499.446 |   18.124
     Upper |  195 |    505 |   0.655 |   0.475 |   1.430 |   0.173 |       0.000 |       0.000 |  501.434 |   18.593
     Upper |  196 |    523 |   0.604 |   0.489 |   1.444 |   0.166 |       0.000 |       0.000 |  499.679 |   18.783
     Upper |  197 |    501 |   0.601 |   0.490 |   1.435 |   0.174 |       0.000 |       0.000 |  499.647 |   18.780
     Upper |  198 |    480 |   0.610 |   0.488 |   1.425 |   0.161 |       0.000 |       0.000 |  502.367 |   18.585
     Upper |  199 |    512 |   0.594 |   0.491 |   1.435 |   0.162 |       0.000 |       0.000 |  502.154 |   18.966
 Randomize |    1 |    503 |   0.612 |   0.487 |   1.327 |   0.263 |       0.000 |       0.000 |  499.853 |   15.488
 Randomize |    2 |    490 |   0.624 |   0.484 |   1.413 |   0.286 |       0.000 |       0.000 |  502.786 |   19.099
 Randomize |    3 |    476 |   0.645 |   0.479 |   1.428 |   0.293 |       0.000 |       0.000 |  503.847 |   22.211
 Randomize |    4 |    523 |   0.591 |   0.492 |   1.409 |   0.304 |       0.000 |       0.000 |  503.241 |   23.470
 Randomize |    5 |    480 |   0.615 |   0.487 |   1.441 |   0.311 |       0.000 |       0.000 |  503.306 |   24.779
 Randomize |    6 |    512 |   0.629 |   0.483 |   1.463 |   0.319 |       0.000 |       0.000 |  503.408 |   24.410
 Randomize |    7 |    505 |   0.616 |   0.486 |   1.433 |   0.310 |       0.000 |       0.000 |  502.434 |   25.699
 Randomize |    8 |    476 |   0.626 |   0.484 |   1.443 |   0.321 |       0.000 |       0.000 |  502.233 |   24.243
 Randomize |    9 |    524 |   0.634 |   0.482 |   1.430 |   0.318 |       0.000 |       0.000 |  502.305 |   23.848
 Randomize |   10 |    503 |   0.598 |   0.490 |   1.438 |   0.313 |       0.000 |       0.000 |  501.845 |   24.608
 Randomize |   11 |    497 |   0.638 |   0.481 |   1.427 |   0.302 |       0.000 |       0.000 |  503.169 |   25.533
 Randomize |   12 |    485 |   0.598 |   0.490 |   1.433 |   0.310 |       0.000 |       0.000 |  502.689 |   24.522
 Randomize |   13 |    491 |   0.648 |   0.478 |   1.419 |   0.326 |       0.000 |       0.000 |  504.081 |   24.562
 Randomize |   14 |    537 |   0.581 |   0.493 |   1.428 |   0.316 |       0.000 |       0.000 |  502.756 |   25.304
 Randomize |   15 |    504 |   0.615 |   0.487 |   1.457 |   0.313 |       0.000 |       0.000 |  504.778 |   24.070
 Randomize |   16 |    516 |   0.632 |   0.482 |   1.433 |   0.312 |       0.000 |       0.000 |  502.913 |   25.237
 Randomize |   17 |    496 |   0.633 |   0.482 |   1.429 |   0.313 |       0.000 |       0.000 |  502.851 |   24.584
 Randomize |   18 |    497 |   0.614 |   0.487 |   1.454 |   0.311 |       0.000 |       0.000 |  502.260 |   24.198
 Randomize |   19 |    520 |   0.667 |   0.471 |   1.425 |   0.315 |       0.000 |       0.000 |  502.154 |   24.440
 Randomize |   20 |    479 |   0.610 |   0.488 |   1.459 |   0.297 |       0.000 |       0.000 |  502.921 |   25.817
 Randomize |   21 |    501 |   0.631 |   0.483 |   1.446 |   0.332 |       0.000 |       0.000 |  500.437 |   23.746
 Randomize |   22 |    526 |   0.597 |   0.491 |   1.450 |   0.309 |       0.000 |       0.000 |  504.304 |   24.628
 Randomize |   23 |    499 |   0.657 |   0.475 |   1.432 |   0.318 |       0.000 |       0.000 |  503.373 |   25.913
 Randomize |   24 |    507 |   0.617 |   0.486 |   1.443 |   0.302 |       0.000 |       0.000 |  501.955 |   25.271
 Randomize |   25 |    506 |   0.617 |   0.486 |   1.428 |   0.308 |       0.000 |       0.000 |  501.980 |   24.991
 Randomize |   26 |    514 |   0.601 |   0.490 |   1.436 |   0.311 |       0.000 |       0.000 |  501.418 |   25.292
 Randomize |   27 |    510 |   0.627 |   0.483 |   1.420 |   0.316 |       0.000 |       0.000 |  502.224 |   24.273
 Randomize |   28 |    496 |   0.609 |   0.488 |   1.443 |   0.305 |       0.000 |       0.000 |  503.931 |   24.889
 Randomize |   29 |    491 |   0.660 |   0.474 |   1.429 |   0.306 |       0.000 |       0.000 |  502.489 |   25.293
 Randomize |   30 |    513 |   0.645 |   0.478 |   1.461 |   0.314 |       0.000 |       0.000 |  501.961 |   24.168
 Randomize |   31 |    511 |   0.644 |   0.479 |   1.457 |   0.307 |       0.000 |       0.000 |  501.243 |   25.007
 Randomize |   32 |    503 |   0.676 |   0.468 |   1.422 |   0.335 |       0.000 |       0.000 |  502.356 |   24.872
 Randomize |   33 |    503 |   0.638 |   0.481 |   1.456 |   0.298 |       0.000 |       0.000 |  503.726 |   24.792
 Randomize |   34 |    503 |   0.604 |   0.489 |   1.421 |   0.337 |       0.000 |       0.000 |  502.247 |   23.996
 Randomize |   35 |    470 |   0.628 |   0.483 |   1.431 |   0.313 |       0.000 |       0.000 |  501.198 |   23.418
 Randomize |   36 |    516 |   0.581 |   0.493 |   1.439 |   0.315 |       0.000 |       0.000 |  502.211 |   23.205
 Randomize |   37 |    500 |   0.684 |   0.465 |   1.445 |   0.315 |       0.000 |       0.000 |  503.640 |   24.760
 Randomize |   38 |    513 |   0.635 |   0.481 |   1.420 |   0.308 |       0.000 |       0.000 |  502.339 |   23.588
 Randomize |   39 |    482 |   0.660 |   0.474 |   1.463 |   0.300 |       0.000 |       0.000 |  502.197 |   24.653
 Randomize |   40 |    481 |   0.622 |   0.485 |   1.454 |   0.316 |       0.000 |       0.000 |  502.726 |   23.235
 Randomize |   41 |    508 |   0.650 |   0.477 |   1.432 |   0.314 |       0.000 |       0.000 |  500.927 |   24.390
 Randomize |   42 |    485 |   0.627 |   0.484 |   1.444 |   0.317 |       0.000 |       0.000 |  503.045 |   24.590
 Randomize |   43 |    527 |   0.634 |   0.482 |   1.434 |   0.297 |       0.000 |       0.000 |  501.156 |   23.023
 Randomize |   44 |    509 |   0.644 |   0.479 |   1.435 |   0.305 |       0.000 |       0.000 |  501.521 |   24.106
 Randomize |   45 |    488 |   0.611 |   0.488 |   1.437 |   0.313 |       0.000 |       0.000 |  502.324 |   23.837
 Randomize |   46 |    500 |   0.626 |   0.484 |   1.443 |   0.302 |       0.000 |       0.000 |  502.334 |   23.441
 Randomize |   47 |    491 |   0.625 |   0.484 |   1.427 |   0.306 |       0.000 |       0.000 |  502.442 |   23.007
 Randomize |   48 |    521 |   0.637 |   0.481 |   1.437 |   0.313 |       0.000 |       0.000 |  501.512 |   23.506
 Randomize |   49 |    479 |   0.614 |   0.487 |   1.424 |   0.294 |       0.000 |       0.000 |  502.939 |   22.247
 Randomize |   50 |    512 |   0.611 |   0.487 |   1.426 |   0.298 |       0.000 |       0.000 |  501.973 |   22.021
 Randomize |   51 |    495 |   0.586 |   0.493 |   1.439 |   0.291 |       0.000 |       0.000 |  500.885 |   23.610
 Randomize |   52 |    486 |   0.593 |   0.491 |   1.423 |   0.301 |       0.000 |       0.000 |  501.805 |   23.650
 Randomize |   53 |    517 |   0.605 |   0.489 |   1.431 |   0.311 |       0.000 |       0.000 |  501.789 |   23.689
 Randomize |   54 |    522 |   0.575 |   0.494 |   1.425 |   0.291 |       0.000 |       0.000 |  501.626 |   23.296
 Randomize |   55 |    455 |   0.609 |   0.488 |   1.425 |   0.288 |       0.000 |       0.000 |  500.791 |   22.913
 Randomize |   56 |    520 |   0.594 |   0.491 |   1.416 |   0.285 |       0.000 |       0.000 |  502.290 |   22.563
 Randomize |   57 |    515 |   0.616 |   0.486 |   1.438 |   0.278 |       0.000 |       0.000 |  502.214 |   23.637
 Randomize |   58 |    486 |   0.584 |   0.493 |   1.443 |   0.286 |       0.000 |       0.000 |  501.817 |   23.105
 Randomize |   59 |    494 |   0.599 |   0.490 |   1.424 |   0.290 |       0.000 |       0.000 |  501.563 |   22.646
 Randomize |   60 |    508 |   0.630 |   0.483 |   1.431 |   0.290 |       0.000 |       0.000 |  500.539 |   23.132
 Randomize |   61 |    479 |   0.589 |   0.492 |   1.421 |   0.272 |       0.000 |       0.000 |  501.282 |   22.649
 Randomize |   62 |    514 |   0.562 |   0.496 |   1.424 |   0.272 |       0.000 |       0.000 |  503.053 |   21.897
 Randomize |   63 |    503 |   0.618 |   0.486 |   1.427 |   0.284 |       0.000 |       0.000 |  501.443 |   21.895
 Randomize |   64 |    497 |   0.646 |   0.478 |   1.423 |   0.254 |       0.000 |       0.000 |  501.793 |   22.122
 Randomize |   65 |    490 |   0.624 |   0.484 |   1.432 |   0.280 |       0.000 |       0.000 |  503.122 |   23.443
 Randomize |   66 |    489 |   0.583 |   0.493 |   1.436 |   0.272 |       0.000 |       0.000 |  501.503 |   22.641
 Randomize |   67 |    493 |   0.613 |   0.487 |   1.421 |   0.274 |       0.000 |       0.000 |  501.919 |   20.841
 Randomize |   68 |    512 |   0.559 |   0.497 |   1.441 |   0.272 |       0.000 |       0.000 |  502.334 |   21.467
 Randomize |   69 |    507 |   0.617 |   0.486 |   1.419 |   0.260 |       0.000 |       0.000 |  501.391 |   21.254
 Randomize |   70 |    508 |   0.600 |   0.490 |   1.429 |   0.258 |       0.000 |       0.000 |  503.758 |   21.865
 Randomize |   71 |    482 |   0.637 |   0.481 |   1.423 |   0.248 |       0.000 |       0.000 |  503.203 |   22.685
 Randomize |   72 |    513 |   0.632 |   0.482 |   1.423 |   0.267 |       0.000 |       0.000 |  501.680 |   21.575
 Randomize |   73 |    492 |   0.606 |   0.489 |   1.429 |   0.258 |       0.000 |       0.000 |  502.230 |   20.758
 Randomize |   74 |    492 |   0.583 |   0.493 |   1.420 |   0.260 |       0.000 |       0.000 |  500.494 |   21.956
 Randomize |   75 |    465 |   0.637 |   0.481 |   1.448 |   0.262 |       0.000 |       0.000 |  502.516 |   21.081
 Randomize |   76 |    531 |   0.631 |   0.483 |   1.423 |   0.258 |       0.000 |       0.000 |  502.740 |   21.298
 Randomize |   77 |    518 |   0.600 |   0.490 |   1.431 |   0.248 |       0.000 |       0.000 |  500.840 |   21.868
 Randomize |   78 |    497 |   0.610 |   0.488 |   1.423 |   0.246 |       0.000 |       0.000 |  501.624 |   21.968
 Randomize |   79 |    463 |   0.596 |   0.491 |   1.447 |   0.251 |       0.000 |       0.000 |  503.186 |   20.834
 Randomize |   80 |    518 |   0.583 |   0.493 |   1.396 |   0.254 |       0.000 |       0.000 |  502.431 |   20.100
 Randomize |   81 |    491 |   0.640 |   0.480 |   1.432 |   0.241 |       0.000 |       0.000 |  501.122 |   22.299
 Randomize |   82 |    487 |   0.589 |   0.492 |   1.426 |   0.248 |       0.000 |       0.000 |  501.491 |   21.974
 Randomize |   83 |    518 |   0.612 |   0.487 |   1.425 |   0.245 |       0.000 |       0.000 |  502.763 |   21.601
 Randomize |   84 |    496 |   0.571 |   0.495 |   1.441 |   0.247 |       0.000 |       0.000 |  503.018 |   20.117
 Randomize |   85 |    500 |   0.674 |   0.469 |   1.431 |   0.230 |       0.000 |       0.000 |  501.942 |   21.184
 Randomize |   86 |    490 |   0.592 |   0.491 |   1.418 |   0.242 |       0.000 |       0.000 |  502.153 |   20.982
 Randomize |   87 |    495 |   0.604 |   0.489 |   1.412 |   0.228 |       0.000 |       0.000 |  501.378 |   20.190
 Randomize |   88 |    510 |   0.575 |   0.494 |   1.436 |   0.236 |       0.000 |       0.000 |  502.239 |   19.635
 Randomize |   89 |    497 |   0.628 |   0.483 |   1.424 |   0.227 |       0.000 |       0.000 |  503.107 |   21.622
 Randomize |   90 |    510 |   0.651 |   0.477 |   1.419 |   0.237 |       0.000 |       0.000 |  500.671 |   20.479
 Randomize |   91 |    509 |   0.591 |   0.492 |   1.418 |   0.226 |       0.000 |       0.000 |  502.281 |   21.462
 Randomize |   92 |    477 |   0.589 |   0.492 |   1.412 |   0.245 |       0.000 |       0.000 |  500.748 |   21.139
 Randomize |   93 |    505 |   0.622 |   0.485 |   1.427 |   0.237 |       0.000 |       0.000 |  502.198 |   20.935
 Randomize |   94 |    463 |   0.607 |   0.488 |   1.417 |   0.233 |       0.000 |       0.000 |  502.635 |   20.480
 Randomize |   95 |    502 |   0.598 |   0.490 |   1.423 |   0.220 |       0.000 |       0.000 |  502.978 |   21.961
 Randomize |   96 |    491 |   0.621 |   0.485 |   1.428 |   0.232 |       0.000 |       0.000 |  501.193 |   20.677
 Randomize |   97 |    481 |   0.638 |   0.481 |   1.411 |   0.228 |       0.000 |       0.000 |  501.967 |   20.978
 Randomize |   98 |    527 |   0.590 |   0.492 |   1.409 |   0.217 |       0.000 |       0.000 |  499.894 |   21.014
 Randomize |   99 |    486 |   0.615 |   0.487 |   1.430 |   0.244 |       0.000 |       0.000 |  502.356 |   20.754
 Randomize |  100 |    491 |   0.621 |   0.485 |   1.406 |   0.224 |       0.000 |       0.000 |  501.965 |   20.317
 Randomize |  101 |    506 |   0.628 |   0.483 |   1.408 |   0.221 |       0.000 |       0.000 |  500.022 |   20.318
 Randomize |  102 |    493 |   0.600 |   0.490 |   1.405 |   0.214 |       0.000 |       0.000 |  501.043 |   19.763
 Randomize |  103 |    483 |   0.617 |   0.486 |   1.426 |   0.218 |       0.000 |       0.000 |  500.816 |   21.003
 Randomize |  104 |    513 |   0.598 |   0.490 |   1.416 |   0.225 |       0.000 |       0.000 |  503.121 |   20.673
 Randomize |  105 |    491 |   0.603 |   0.489 |   1.423 |   0.219 |       0.000 |       0.000 |  502.000 |   19.693
 Randomize |  106 |    498 |   0.592 |   0.491 |   1.419 |   0.212 |       0.000 |       0.000 |  501.972 |   20.336
 Randomize |  107 |    494 |   0.601 |   0.490 |   1.388 |   0.216 |       0.000 |       0.000 |  500.909 |   20.665
 Randomize |  108 |    509 |   0.627 |   0.484 |   1.414 |   0.213 |       0.000 |       0.000 |  501.528 |   20.078
 Randomize |  109 |    481 |   0.607 |   0.488 |   1.418 |   0.220 |       0.000 |       0.000 |  501.892 |   19.823
 Randomize |  110 |    499 |   0.603 |   0.489 |   1.428 |   0.219 |       0.000 |       0.000 |  501.808 |   19.323
 Randomize |  111 |    495 |   0.602 |   0.489 |   1.404 |   0.215 |       0.000 |       0.000 |  502.715 |   20.629
 Randomize |  112 |    502 |   0.629 |   0.483 |   1.416 |   0.218 |       0.000 |       0.000 |  502.382 |   20.731
 Randomize |  113 |    502 |   0.651 |   0.477 |   1.412 |   0.205 |       0.000 |       0.000 |  502.181 |   19.889
 Randomize |  114 |    511 |   0.616 |   0.486 |   1.403 |   0.217 |       0.000 |       0.000 |  501.654 |   20.230
 Randomize |  115 |    506 |   0.632 |   0.482 |   1.418 |   0.205 |       0.000 |       0.000 |  500.038 |   20.931
 Randomize |  116 |    483 |   0.596 |   0.491 |   1.416 |   0.214 |       0.000 |       0.000 |  501.222 |   20.089
 Randomize |  117 |    499 |   0.549 |   0.498 |   1.420 |   0.209 |       0.000 |       0.000 |  501.677 |   19.957
 Randomize |  118 |    514 |   0.603 |   0.489 |   1.427 |   0.208 |       0.000 |       0.000 |  501.580 |   21.858
 Randomize |  119 |    503 |   0.592 |   0.491 |   1.401 |   0.202 |       0.000 |       0.000 |  501.433 |   20.163
 Randomize |  120 |    493 |   0.562 |   0.496 |   1.410 |   0.205 |       0.000 |       0.000 |  501.428 |   19.209
 Randomize |  121 |    497 |   0.616 |   0.486 |   1.413 |   0.202 |       0.000 |       0.000 |  500.268 |   20.201
 Randomize |  122 |    494 |   0.619 |   0.486 |   1.423 |   0.202 |       0.000 |       0.000 |  502.146 |   20.156
 Randomize |  123 |    463 |   0.624 |   0.484 |   1.416 |   0.205 |       0.000 |       0.000 |  502.441 |   20.125
 Randomize |  124 |    505 |   0.594 |   0.491 |   1.418 |   0.210 |       0.000 |       0.000 |  501.273 |   20.256
 Randomize |  125 |    461 |   0.642 |   0.479 |   1.416 |   0.212 |       0.000 |       0.000 |  501.364 |   19.972
 Randomize |  126 |    511 |   0.626 |   0.484 |   1.409 |   0.199 |       0.000 |       0.000 |  502.523 |   19.654
 Randomize |  127 |    516 |   0.599 |   0.490 |   1.416 |   0.197 |       0.000 |       0.000 |  502.019 |   19.995
 Randomize |  128 |    506 |   0.630 |   0.483 |   1.424 |   0.197 |       0.000 |       0.000 |  501.126 |   19.772
 Randomize |  129 |    506 |   0.617 |   0.486 |   1.421 |   0.197 |       0.000 |       0.000 |  500.638 |   18.459
 Randomize |  130 |    507 |   0.649 |   0.477 |   1.403 |   0.196 |       0.000 |       0.000 |  500.765 |   20.517
 Randomize |  131 |    500 |   0.574 |   0.494 |   1.423 |   0.203 |       0.000 |       0.000 |  502.998 |   18.537
 Randomize |  132 |    499 |   0.613 |   0.487 |   1.418 |   0.197 |       0.000 |       0.000 |  501.836 |   18.892
 Randomize |  133 |    501 |   0.611 |   0.488 |   1.438 |   0.193 |       0.000 |       0.000 |  502.657 |   19.276
 Randomize |  134 |    529 |   0.550 |   0.497 |   1.428 |   0.198 |       0.000 |       0.000 |  500.166 |   19.796
 Randomize |  135 |    492 |   0.620 |   0.485 |   1.418 |   0.197 |       0.000 |       0.000 |  500.514 |   19.397
 Randomize |  136 |    499 |   0.577 |   0.494 |   1.412 |   0.192 |       0.000 |       0.000 |  499.938 |   20.175
 Randomize |  137 |    488 |   0.588 |   0.492 |   1.409 |   0.187 |       0.000 |       0.000 |  500.512 |   19.636
 Randomize |  138 |    509 |   0.611 |   0.488 |   1.401 |   0.197 |       0.000 |       0.000 |  502.552 |   19.773
 Randomize |  139 |    492 |   0.604 |   0.489 |   1.424 |   0.193 |       0.000 |       0.000 |  499.754 |   20.186
 Randomize |  140 |    501 |   0.613 |   0.487 |   1.416 |   0.188 |       0.000 |       0.000 |  500.715 |   19.529
 Randomize |  141 |    510 |   0.598 |   0.490 |   1.418 |   0.184 |       0.000 |       0.000 |  501.661 |   19.481
 Randomize |  142 |    478 |   0.590 |   0.492 |   1.425 |   0.191 |       0.000 |       0.000 |  502.126 |   18.854
 Randomize |  143 |    518 |   0.631 |   0.482 |   1.409 |   0.184 |       0.000 |       0.000 |  500.992 |   18.198
 Randomize |  144 |    519 |   0.615 |   0.487 |   1.407 |   0.193 |       0.000 |       0.000 |  501.289 |   18.101
 Randomize |  145 |    485 |   0.584 |   0.493 |   1.424 |   0.180 |       0.000 |       0.000 |  500.662 |   18.512
 Randomize |  146 |    510 |   0.590 |   0.492 |   1.403 |   0.182 |       0.000 |       0.000 |  501.361 |   18.715
 Randomize |  147 |    481 |   0.611 |   0.487 |   1.421 |   0.182 |       0.000 |       0.000 |  501.168 |   18.675
 Randomize |  148 |    518 |   0.595 |   0.491 |   1.420 |   0.184 |       0.000 |       0.000 |  501.014 |   19.030
 Randomize |  149 |    503 |   0.612 |   0.487 |   1.404 |   0.177 |       0.000 |       0.000 |  500.296 |   19.190
 Randomize |  150 |    473 |   0.617 |   0.486 |   1.426 |   0.183 |       0.000 |       0.000 |  501.171 |   18.486
 Randomize |  151 |    494 |   0.597 |   0.490 |   1.412 |   0.190 |       0.000 |       0.000 |  501.917 |   18.907
 Randomize |  152 |    498 |   0.594 |   0.491 |   1.423 |   0.177 |       0.000 |       0.000 |  501.131 |   19.309
 Randomize |  153 |    516 |   0.599 |   0.490 |   1.409 |   0.188 |       0.000 |       0.000 |  501.820 |   18.992
 Randomize |  154 |    499 |   0.591 |   0.492 |   1.414 |   0.192 |       0.000 |       0.000 |  500.307 |   19.360
 Randomize |  155 |    470 |   0.638 |   0.480 |   1.407 |   0.190 |       0.000 |       0.000 |  501.421 |   18.894
 Randomize |  156 |    524 |   0.622 |   0.485 |   1.423 |   0.180 |       0.000 |       0.000 |  500.248 |   18.984
 Randomize |  157 |    527 |   0.611 |   0.488 |   1.411 |   0.189 |       0.000 |       0.000 |  501.383 |   19.022
 Randomize |  158 |    502 |   0.584 |   0.493 |   1.413 |   0.172 |       0.000 |       0.000 |  501.376 |   18.666
 Randomize |  159 |    532 |   0.579 |   0.494 |   1.412 |   0.183 |       0.000 |       0.000 |  500.489 |   18.794
 Randomize |  160 |    488 |   0.611 |   0.488 |   1.407 |   0.177 |       0.000 |       0.000 |  499.682 |   19.296
 Randomize |  161 |    491 |   0.578 |   0.494 |   1.416 |   0.176 |       0.000 |       0.000 |  501.921 |   19.526
 Randomize |  162 |    529 |   0.595 |   0.491 |   1.414 |   0.180 |       0.000 |       0.000 |  501.386 |   18.264
 Randomize |  163 |    486 |   0.628 |   0.483 |   1.425 |   0.184 |       0.000 |       0.000 |  500.340 |   18.109
 Randomize |  164 |    486 |   0.601 |   0.490 |   1.407 |   0.184 |       0.000 |       0.000 |  499.504 |   18.503
 Randomize |  165 |    495 |   0.624 |   0.484 |   1.412 |   0.186 |       0.000 |       0.000 |  502.297 |   18.984
 Randomize |  166 |    501 |   0.615 |   0.487 |   1.411 |   0.174 |       0.000 |       0.000 |  501.559 |   19.147
 Randomize |  167 |    507 |   0.615 |   0.487 |   1.410 |   0.177 |       0.000 |       0.000 |  500.890 |   17.797
 Randomize |  168 |    490 |   0.600 |   0.490 |   1.417 |   0.172 |       0.000 |       0.000 |  502.157 |   17.801
 Randomize |  169 |    504 |   0.597 |   0.490 |   1.411 |   0.173 |       0.000 |       0.000 |  501.228 |   18.447
 Randomize |  170 |    485 |   0.637 |   0.481 |   1.420 |   0.169 |       0.000 |       0.000 |  501.715 |   18.874
 Randomize |  171 |    503 |   0.642 |   0.479 |   1.406 |   0.182 |       0.000 |       0.000 |  502.596 |   18.381
 Randomize |  172 |    491 |   0.613 |   0.487 |   1.423 |   0.181 |       0.000 |       0.000 |  500.811 |   18.568
 Randomize |  173 |    502 |   0.564 |   0.496 |   1.415 |   0.162 |       0.000 |       0.000 |  502.239 |   18.896
 Randomize |  174 |    526 |   0.606 |   0.489 |   1.411 |   0.178 |       0.000 |       0.000 |  500.971 |   19.246
 Randomize |  175 |    478 |   0.573 |   0.495 |   1.407 |   0.176 |       0.000 |       0.000 |  502.483 |   18.386
 Randomize |  176 |    500 |   0.624 |   0.484 |   1.418 |   0.170 |       0.000 |       0.000 |  500.638 |   18.268
 Randomize |  177 |    507 |   0.604 |   0.489 |   1.423 |   0.170 |       0.000 |       0.000 |  500.748 |   18.416
 Randomize |  178 |    510 |   0.639 |   0.480 |   1.422 |   0.176 |       0.000 |       0.000 |  501.484 |   19.166
 Randomize |  179 |    516 |   0.579 |   0.494 |   1.417 |   0.167 |       0.000 |       0.000 |  501.089 |   19.620
 Randomize |  180 |    492 |   0.591 |   0.492 |   1.409 |   0.171 |       0.000 |       0.000 |  501.608 |   18.418
 Randomize |  181 |    496 |   0.603 |   0.489 |   1.403 |   0.170 |       0.000 |       0.000 |  501.304 |   19.343
 Randomize |  182 |    484 |   0.589 |   0.492 |   1.419 |   0.176 |       0.000 |       0.000 |  502.242 |   17.441
 Randomize |  183 |    505 |   0.570 |   0.495 |   1.403 |   0.172 |       0.000 |       0.000 |  500.002 |   18.656
 Randomize |  184 |    502 |   0.635 |   0.481 |   1.406 |   0.171 |       0.000 |       0.000 |  501.821 |   19.152
 Randomize |  185 |    475 |   0.655 |   0.475 |   1.419 |   0.173 |       0.000 |       0.000 |  501.720 |   19.020
 Randomize |  186 |    520 |   0.612 |   0.487 |   1.408 |   0.169 |       0.000 |       0.000 |  501.865 |   17.916
 Randomize |  187 |    472 |   0.591 |   0.492 |   1.416 |   0.168 |       0.000 |       0.000 |  501.792 |   17.977
 Randomize |  188 |    520 |   0.560 |   0.496 |   1.408 |   0.162 |       0.000 |       0.000 |  500.915 |   18.269
 Randomize |  189 |    493 |   0.584 |   0.493 |   1.417 |   0.168 |       0.000 |       0.000 |  501.195 |   18.279
 Randomize |  190 |    514 |   0.593 |   0.491 |   1.417 |   0.174 |       0.000 |       0.000 |  501.152 |   17.553
 Randomize |  191 |    490 |   0.563 |   0.496 |   1.426 |   0.170 |       0.000 |       0.000 |  501.980 |   18.362
 Randomize |  192 |    510 |   0.575 |   0.494 |   1.417 |   0.161 |       0.000 |       0.000 |  500.051 |   19.128
 Randomize |  193 |    493 |   0.633 |   0.482 |   1.415 |   0.160 |       0.000 |       0.000 |  501.669 |   18.432
 Randomize |  194 |    484 |   0.603 |   0.489 |   1.408 |   0.163 |       0.000 |       0.000 |  499.539 |   18.227
 Randomize |  195 |    505 |   0.650 |   0.477 |   1.411 |   0.171 |       0.000 |       0.000 |  501.392 |   18.530
 Randomize |  196 |    523 |   0.595 |   0.491 |   1.421 |   0.165 |       0.000 |       0.000 |  499.593 |   18.747
 Randomize |  197 |    501 |   0.591 |   0.492 |   1.410 |   0.172 |       0.000 |       0.000 |  499.533 |   18.947
 Randomize |  198 |    480 |   0.604 |   0.489 |   1.406 |   0.160 |       0.000 |       0.000 |  502.490 |   18.497
 Randomize |  199 |    512 |   0.586 |   0.493 |   1.417 |   0.163 |       0.000 |       0.000 |  502.225 |   18.949
