Experiment Results - 20250730_213234
==================================================
n_online_list: [200]
n_runs: 1000
alpha: 0.4
M: 2000
==================================================

Per-t selection conditional statistics (mean/std across simulations):
    Method |    t |  Count | CovMean |  CovStd | LenMedian |  LenStd | InfFracMean |  InfFracStd |  CalMean |   CalStd
------------------------------------------------------------------------------------------------------
     Upper |    1 |    503 |   1.000 |   0.000 |     inf |     nan |       1.000 |       0.000 |    0.000 |    0.000
     Upper |    2 |    490 |   1.000 |   0.000 |     inf |     nan |       1.000 |       0.000 |    2.800 |    1.582
     Upper |    3 |    476 |   1.000 |   0.000 |     inf |     nan |       1.000 |       0.000 |   12.393 |    3.233
     Upper |    4 |    523 |   0.985 |   0.123 |     inf |     nan |       0.958 |       0.201 |   62.048 |   10.302
     Upper |    5 |    480 |   0.963 |   0.190 |     inf |     nan |       0.852 |       0.355 |  370.654 |   53.859
     Upper |    6 |    512 |   0.934 |   0.249 |     inf |     nan |       0.693 |       0.461 | 1010.992 |  131.157
     Upper |    7 |    505 |   0.913 |   0.282 |     inf |     nan |       0.537 |       0.499 | 1018.354 |  116.783
     Upper |    8 |    476 |   0.847 |   0.360 |   3.120 |     nan |       0.387 |       0.487 | 1008.084 |  104.331
     Upper |    9 |    524 |   0.838 |   0.369 |   2.579 |     nan |       0.176 |       0.380 | 1006.897 |  100.239
     Upper |   10 |    503 |   0.777 |   0.416 |   2.360 |     nan |       0.040 |       0.195 | 1013.095 |   93.359
     Upper |   11 |    497 |   0.787 |   0.410 |   2.303 |     nan |       0.002 |       0.045 | 1012.537 |   83.493
     Upper |   12 |    485 |   0.759 |   0.428 |   2.205 |   0.947 |       0.000 |       0.000 | 1008.188 |   79.700
     Upper |   13 |    491 |   0.756 |   0.430 |   2.035 |   0.905 |       0.000 |       0.000 | 1007.499 |   79.123
     Upper |   14 |    537 |   0.723 |   0.448 |   2.054 |   0.788 |       0.000 |       0.000 | 1004.765 |   74.945
     Upper |   15 |    504 |   0.738 |   0.440 |   1.985 |   0.667 |       0.000 |       0.000 | 1010.478 |   75.929
     Upper |   16 |    516 |   0.719 |   0.449 |   1.944 |   0.690 |       0.000 |       0.000 | 1005.919 |   74.068
     Upper |   17 |    496 |   0.728 |   0.445 |   1.901 |   0.668 |       0.000 |       0.000 | 1002.266 |   70.528
     Upper |   18 |    497 |   0.702 |   0.457 |   1.903 |   0.608 |       0.000 |       0.000 | 1008.547 |   65.624
     Upper |   19 |    520 |   0.746 |   0.435 |   1.824 |   0.591 |       0.000 |       0.000 | 1008.756 |   64.205
     Upper |   20 |    479 |   0.691 |   0.462 |   1.803 |   0.539 |       0.000 |       0.000 | 1007.699 |   64.191
     Upper |   21 |    501 |   0.703 |   0.457 |   1.804 |   0.564 |       0.000 |       0.000 | 1000.218 |   62.908
     Upper |   22 |    526 |   0.677 |   0.468 |   1.754 |   0.520 |       0.000 |       0.000 | 1007.289 |   63.293
     Upper |   23 |    499 |   0.719 |   0.449 |   1.749 |   0.488 |       0.000 |       0.000 | 1005.940 |   61.528
     Upper |   24 |    507 |   0.698 |   0.459 |   1.746 |   0.497 |       0.000 |       0.000 | 1003.183 |   57.974
     Upper |   25 |    506 |   0.702 |   0.458 |   1.702 |   0.465 |       0.000 |       0.000 | 1003.996 |   56.665
     Upper |   26 |    514 |   0.654 |   0.476 |   1.685 |   0.449 |       0.000 |       0.000 | 1003.646 |   56.293
     Upper |   27 |    510 |   0.684 |   0.465 |   1.661 |   0.451 |       0.000 |       0.000 | 1005.541 |   57.022
     Upper |   28 |    496 |   0.669 |   0.470 |   1.678 |   0.404 |       0.000 |       0.000 | 1006.653 |   56.642
     Upper |   29 |    491 |   0.701 |   0.458 |   1.650 |   0.430 |       0.000 |       0.000 | 1001.705 |   55.434
     Upper |   30 |    513 |   0.692 |   0.462 |   1.654 |   0.412 |       0.000 |       0.000 | 1005.891 |   53.098
     Upper |   31 |    511 |   0.667 |   0.471 |   1.655 |   0.398 |       0.000 |       0.000 | 1004.446 |   51.087
     Upper |   32 |    503 |   0.712 |   0.453 |   1.614 |   0.419 |       0.000 |       0.000 | 1004.563 |   49.792
     Upper |   33 |    503 |   0.682 |   0.466 |   1.645 |   0.369 |       0.000 |       0.000 | 1005.746 |   51.916
     Upper |   34 |    503 |   0.672 |   0.469 |   1.618 |   0.407 |       0.000 |       0.000 | 1003.751 |   51.973
     Upper |   35 |    470 |   0.657 |   0.475 |   1.591 |   0.358 |       0.000 |       0.000 | 1002.100 |   50.119
     Upper |   36 |    516 |   0.612 |   0.487 |   1.622 |   0.372 |       0.000 |       0.000 | 1005.558 |   44.429
     Upper |   37 |    500 |   0.718 |   0.450 |   1.625 |   0.373 |       0.000 |       0.000 | 1007.206 |   48.928
     Upper |   38 |    513 |   0.663 |   0.473 |   1.568 |   0.363 |       0.000 |       0.000 | 1005.805 |   46.825
     Upper |   39 |    482 |   0.705 |   0.456 |   1.598 |   0.356 |       0.000 |       0.000 | 1006.830 |   47.427
     Upper |   40 |    481 |   0.659 |   0.474 |   1.585 |   0.343 |       0.000 |       0.000 | 1007.414 |   48.318
     Upper |   41 |    508 |   0.681 |   0.466 |   1.573 |   0.344 |       0.000 |       0.000 | 1001.598 |   46.328
     Upper |   42 |    485 |   0.656 |   0.475 |   1.568 |   0.348 |       0.000 |       0.000 | 1006.748 |   46.517
     Upper |   43 |    527 |   0.636 |   0.481 |   1.547 |   0.337 |       0.000 |       0.000 | 1002.935 |   45.333
     Upper |   44 |    509 |   0.660 |   0.474 |   1.561 |   0.334 |       0.000 |       0.000 | 1004.896 |   44.683
     Upper |   45 |    488 |   0.619 |   0.486 |   1.552 |   0.331 |       0.000 |       0.000 | 1001.568 |   42.965
     Upper |   46 |    500 |   0.642 |   0.479 |   1.551 |   0.321 |       0.000 |       0.000 | 1005.588 |   44.683
     Upper |   47 |    491 |   0.644 |   0.479 |   1.545 |   0.316 |       0.000 |       0.000 | 1002.709 |   42.777
     Upper |   48 |    521 |   0.668 |   0.471 |   1.551 |   0.336 |       0.000 |       0.000 | 1003.372 |   42.656
     Upper |   49 |    479 |   0.635 |   0.482 |   1.523 |   0.302 |       0.000 |       0.000 | 1001.104 |   40.429
     Upper |   50 |    512 |   0.629 |   0.483 |   1.531 |   0.302 |       0.000 |       0.000 | 1006.164 |   41.038
     Upper |   51 |    495 |   0.598 |   0.490 |   1.553 |   0.301 |       0.000 |       0.000 | 1002.297 |   43.394
     Upper |   52 |    486 |   0.628 |   0.483 |   1.518 |   0.313 |       0.000 |       0.000 | 1004.078 |   41.664
     Upper |   53 |    517 |   0.632 |   0.482 |   1.520 |   0.307 |       0.000 |       0.000 | 1002.836 |   43.586
     Upper |   54 |    522 |   0.598 |   0.490 |   1.520 |   0.292 |       0.000 |       0.000 | 1003.100 |   40.978
     Upper |   55 |    455 |   0.651 |   0.477 |   1.525 |   0.297 |       0.000 |       0.000 | 1003.413 |   41.319
     Upper |   56 |    520 |   0.613 |   0.487 |   1.524 |   0.291 |       0.000 |       0.000 | 1002.615 |   37.361
     Upper |   57 |    515 |   0.645 |   0.479 |   1.511 |   0.277 |       0.000 |       0.000 | 1004.208 |   39.698
     Upper |   58 |    486 |   0.609 |   0.488 |   1.534 |   0.279 |       0.000 |       0.000 | 1002.486 |   39.077
     Upper |   59 |    494 |   0.619 |   0.486 |   1.517 |   0.277 |       0.000 |       0.000 | 1002.085 |   37.692
     Upper |   60 |    508 |   0.657 |   0.475 |   1.511 |   0.282 |       0.000 |       0.000 | 1000.043 |   39.130
     Upper |   61 |    479 |   0.618 |   0.486 |   1.509 |   0.278 |       0.000 |       0.000 | 1005.163 |   37.666
     Upper |   62 |    514 |   0.591 |   0.492 |   1.503 |   0.274 |       0.000 |       0.000 | 1001.870 |   39.227
     Upper |   63 |    503 |   0.634 |   0.482 |   1.537 |   0.290 |       0.000 |       0.000 | 1005.280 |   39.125
     Upper |   64 |    497 |   0.660 |   0.474 |   1.502 |   0.254 |       0.000 |       0.000 | 1004.247 |   37.969
     Upper |   65 |    490 |   0.657 |   0.475 |   1.517 |   0.278 |       0.000 |       0.000 | 1004.206 |   38.286
     Upper |   66 |    489 |   0.603 |   0.489 |   1.510 |   0.265 |       0.000 |       0.000 | 1005.186 |   37.691
     Upper |   67 |    493 |   0.637 |   0.481 |   1.491 |   0.262 |       0.000 |       0.000 | 1000.945 |   38.940
     Upper |   68 |    512 |   0.590 |   0.492 |   1.497 |   0.268 |       0.000 |       0.000 | 1002.631 |   36.333
     Upper |   69 |    507 |   0.645 |   0.479 |   1.493 |   0.258 |       0.000 |       0.000 | 1004.957 |   39.278
     Upper |   70 |    508 |   0.638 |   0.481 |   1.512 |   0.248 |       0.000 |       0.000 | 1005.254 |   36.411
     Upper |   71 |    482 |   0.672 |   0.469 |   1.474 |   0.257 |       0.000 |       0.000 | 1005.465 |   38.330
     Upper |   72 |    513 |   0.641 |   0.480 |   1.477 |   0.255 |       0.000 |       0.000 | 1000.813 |   36.084
     Upper |   73 |    492 |   0.610 |   0.488 |   1.501 |   0.247 |       0.000 |       0.000 | 1003.089 |   36.146
     Upper |   74 |    492 |   0.600 |   0.490 |   1.502 |   0.252 |       0.000 |       0.000 | 1005.163 |   35.963
     Upper |   75 |    465 |   0.665 |   0.472 |   1.505 |   0.248 |       0.000 |       0.000 | 1004.284 |   36.420
     Upper |   76 |    531 |   0.655 |   0.475 |   1.480 |   0.260 |       0.000 |       0.000 | 1004.503 |   38.823
     Upper |   77 |    518 |   0.620 |   0.485 |   1.495 |   0.238 |       0.000 |       0.000 | 1004.015 |   35.955
     Upper |   78 |    497 |   0.636 |   0.481 |   1.480 |   0.238 |       0.000 |       0.000 | 1004.543 |   37.367
     Upper |   79 |    463 |   0.605 |   0.489 |   1.492 |   0.235 |       0.000 |       0.000 | 1003.177 |   36.006
     Upper |   80 |    518 |   0.618 |   0.486 |   1.471 |   0.247 |       0.000 |       0.000 | 1002.809 |   35.405
     Upper |   81 |    491 |   0.654 |   0.476 |   1.487 |   0.234 |       0.000 |       0.000 | 1005.888 |   35.896
     Upper |   82 |    487 |   0.610 |   0.488 |   1.468 |   0.232 |       0.000 |       0.000 | 1003.698 |   37.613
     Upper |   83 |    518 |   0.641 |   0.480 |   1.483 |   0.239 |       0.000 |       0.000 | 1004.792 |   37.001
     Upper |   84 |    496 |   0.585 |   0.493 |   1.485 |   0.226 |       0.000 |       0.000 | 1003.290 |   34.648
     Upper |   85 |    500 |   0.690 |   0.462 |   1.484 |   0.219 |       0.000 |       0.000 | 1002.670 |   34.994
     Upper |   86 |    490 |   0.610 |   0.488 |   1.465 |   0.230 |       0.000 |       0.000 | 1003.020 |   35.675
     Upper |   87 |    495 |   0.624 |   0.484 |   1.449 |   0.225 |       0.000 |       0.000 | 1005.984 |   35.371
     Upper |   88 |    510 |   0.592 |   0.491 |   1.476 |   0.231 |       0.000 |       0.000 | 1002.643 |   34.753
     Upper |   89 |    497 |   0.644 |   0.479 |   1.463 |   0.217 |       0.000 |       0.000 | 1004.099 |   33.736
     Upper |   90 |    510 |   0.665 |   0.472 |   1.469 |   0.228 |       0.000 |       0.000 | 1003.176 |   35.277
     Upper |   91 |    509 |   0.609 |   0.488 |   1.464 |   0.215 |       0.000 |       0.000 | 1005.766 |   34.326
     Upper |   92 |    477 |   0.614 |   0.487 |   1.471 |   0.216 |       0.000 |       0.000 | 1000.451 |   34.142
     Upper |   93 |    505 |   0.628 |   0.483 |   1.464 |   0.213 |       0.000 |       0.000 | 1003.147 |   32.295
     Upper |   94 |    463 |   0.622 |   0.485 |   1.480 |   0.217 |       0.000 |       0.000 | 1003.404 |   35.209
     Upper |   95 |    502 |   0.616 |   0.486 |   1.458 |   0.206 |       0.000 |       0.000 | 1000.855 |   35.028
     Upper |   96 |    491 |   0.635 |   0.481 |   1.474 |   0.211 |       0.000 |       0.000 | 1001.760 |   33.962
     Upper |   97 |    481 |   0.655 |   0.475 |   1.453 |   0.205 |       0.000 |       0.000 | 1002.665 |   32.290
     Upper |   98 |    527 |   0.602 |   0.490 |   1.458 |   0.206 |       0.000 |       0.000 | 1000.562 |   33.716
     Upper |   99 |    486 |   0.630 |   0.483 |   1.460 |   0.212 |       0.000 |       0.000 | 1002.541 |   34.799
     Upper |  100 |    491 |   0.642 |   0.480 |   1.457 |   0.210 |       0.000 |       0.000 | 1004.878 |   33.545
     Upper |  101 |    506 |   0.644 |   0.479 |   1.458 |   0.211 |       0.000 |       0.000 | 1001.310 |   33.908
     Upper |  102 |    493 |   0.621 |   0.485 |   1.463 |   0.201 |       0.000 |       0.000 | 1000.903 |   32.685
     Upper |  103 |    483 |   0.623 |   0.485 |   1.467 |   0.204 |       0.000 |       0.000 | 1001.888 |   34.185
     Upper |  104 |    513 |   0.616 |   0.486 |   1.454 |   0.198 |       0.000 |       0.000 | 1002.088 |   32.808
     Upper |  105 |    491 |   0.617 |   0.486 |   1.455 |   0.200 |       0.000 |       0.000 | 1002.880 |   33.132
     Upper |  106 |    498 |   0.604 |   0.489 |   1.458 |   0.202 |       0.000 |       0.000 | 1002.068 |   33.312
     Upper |  107 |    494 |   0.607 |   0.488 |   1.435 |   0.206 |       0.000 |       0.000 | 1004.824 |   33.042
     Upper |  108 |    509 |   0.648 |   0.477 |   1.456 |   0.196 |       0.000 |       0.000 | 1004.363 |   33.642
     Upper |  109 |    481 |   0.609 |   0.488 |   1.456 |   0.206 |       0.000 |       0.000 | 1004.143 |   32.159
     Upper |  110 |    499 |   0.613 |   0.487 |   1.467 |   0.204 |       0.000 |       0.000 | 1001.455 |   32.689
     Upper |  111 |    495 |   0.614 |   0.487 |   1.447 |   0.200 |       0.000 |       0.000 | 1004.093 |   31.512
     Upper |  112 |    502 |   0.643 |   0.479 |   1.458 |   0.198 |       0.000 |       0.000 | 1002.474 |   33.652
     Upper |  113 |    502 |   0.655 |   0.475 |   1.455 |   0.191 |       0.000 |       0.000 | 1003.002 |   31.828
     Upper |  114 |    511 |   0.628 |   0.483 |   1.445 |   0.199 |       0.000 |       0.000 | 1002.624 |   33.368
     Upper |  115 |    506 |   0.642 |   0.479 |   1.462 |   0.193 |       0.000 |       0.000 | 1002.083 |   32.870
     Upper |  116 |    483 |   0.613 |   0.487 |   1.456 |   0.185 |       0.000 |       0.000 | 1002.841 |   31.478
     Upper |  117 |    499 |   0.567 |   0.495 |   1.454 |   0.194 |       0.000 |       0.000 | 1002.918 |   32.024
     Upper |  118 |    514 |   0.615 |   0.487 |   1.451 |   0.193 |       0.000 |       0.000 | 1000.566 |   33.618
     Upper |  119 |    503 |   0.588 |   0.492 |   1.451 |   0.188 |       0.000 |       0.000 | 1004.034 |   31.878
     Upper |  120 |    493 |   0.588 |   0.492 |   1.458 |   0.189 |       0.000 |       0.000 | 1002.128 |   31.145
     Upper |  121 |    497 |   0.622 |   0.485 |   1.455 |   0.189 |       0.000 |       0.000 | 1002.310 |   34.243
     Upper |  122 |    494 |   0.642 |   0.480 |   1.459 |   0.193 |       0.000 |       0.000 | 1001.802 |   32.635
     Upper |  123 |    463 |   0.644 |   0.479 |   1.450 |   0.186 |       0.000 |       0.000 | 1001.767 |   33.397
     Upper |  124 |    505 |   0.606 |   0.489 |   1.455 |   0.193 |       0.000 |       0.000 | 1001.133 |   31.505
     Upper |  125 |    461 |   0.644 |   0.479 |   1.459 |   0.192 |       0.000 |       0.000 | 1002.367 |   31.244
     Upper |  126 |    511 |   0.648 |   0.478 |   1.445 |   0.182 |       0.000 |       0.000 | 1001.507 |   31.848
     Upper |  127 |    516 |   0.610 |   0.488 |   1.462 |   0.180 |       0.000 |       0.000 | 1002.035 |   31.616
     Upper |  128 |    506 |   0.632 |   0.482 |   1.456 |   0.180 |       0.000 |       0.000 | 1002.676 |   32.611
     Upper |  129 |    506 |   0.621 |   0.485 |   1.446 |   0.183 |       0.000 |       0.000 | 1001.239 |   32.184
     Upper |  130 |    507 |   0.679 |   0.467 |   1.444 |   0.181 |       0.000 |       0.000 | 1001.554 |   33.233
     Upper |  131 |    500 |   0.580 |   0.494 |   1.443 |   0.183 |       0.000 |       0.000 |  999.380 |   30.497
     Upper |  132 |    499 |   0.615 |   0.487 |   1.454 |   0.181 |       0.000 |       0.000 | 1001.739 |   31.834
     Upper |  133 |    501 |   0.611 |   0.488 |   1.456 |   0.172 |       0.000 |       0.000 | 1002.800 |   33.147
     Upper |  134 |    529 |   0.563 |   0.496 |   1.447 |   0.179 |       0.000 |       0.000 | 1001.588 |   30.466
     Upper |  135 |    492 |   0.622 |   0.485 |   1.451 |   0.178 |       0.000 |       0.000 | 1001.650 |   31.635
     Upper |  136 |    499 |   0.589 |   0.492 |   1.438 |   0.173 |       0.000 |       0.000 | 1000.980 |   31.111
     Upper |  137 |    488 |   0.611 |   0.488 |   1.444 |   0.173 |       0.000 |       0.000 | 1000.514 |   30.116
     Upper |  138 |    509 |   0.631 |   0.483 |   1.437 |   0.176 |       0.000 |       0.000 | 1001.183 |   29.263
     Upper |  139 |    492 |   0.614 |   0.487 |   1.451 |   0.183 |       0.000 |       0.000 | 1000.427 |   29.860
     Upper |  140 |    501 |   0.615 |   0.487 |   1.448 |   0.174 |       0.000 |       0.000 |  999.894 |   30.349
     Upper |  141 |    510 |   0.602 |   0.489 |   1.448 |   0.172 |       0.000 |       0.000 |  999.718 |   29.879
     Upper |  142 |    478 |   0.586 |   0.493 |   1.452 |   0.178 |       0.000 |       0.000 | 1002.728 |   29.919
     Upper |  143 |    518 |   0.649 |   0.477 |   1.442 |   0.169 |       0.000 |       0.000 | 1000.755 |   31.114
     Upper |  144 |    519 |   0.617 |   0.486 |   1.443 |   0.171 |       0.000 |       0.000 | 1001.644 |   31.816
     Upper |  145 |    485 |   0.602 |   0.489 |   1.452 |   0.171 |       0.000 |       0.000 | 1004.091 |   29.211
     Upper |  146 |    510 |   0.592 |   0.491 |   1.439 |   0.165 |       0.000 |       0.000 | 1000.494 |   28.663
     Upper |  147 |    481 |   0.626 |   0.484 |   1.439 |   0.172 |       0.000 |       0.000 | 1002.337 |   29.780
     Upper |  148 |    518 |   0.602 |   0.489 |   1.448 |   0.167 |       0.000 |       0.000 | 1002.761 |   31.203
     Upper |  149 |    503 |   0.628 |   0.483 |   1.440 |   0.168 |       0.000 |       0.000 | 1000.078 |   29.856
     Upper |  150 |    473 |   0.622 |   0.485 |   1.446 |   0.162 |       0.000 |       0.000 | 1002.309 |   29.997
     Upper |  151 |    494 |   0.611 |   0.487 |   1.456 |   0.174 |       0.000 |       0.000 | 1001.411 |   29.686
     Upper |  152 |    498 |   0.620 |   0.485 |   1.442 |   0.162 |       0.000 |       0.000 | 1001.687 |   31.663
     Upper |  153 |    516 |   0.605 |   0.489 |   1.444 |   0.165 |       0.000 |       0.000 | 1000.246 |   31.408
     Upper |  154 |    499 |   0.589 |   0.492 |   1.428 |   0.173 |       0.000 |       0.000 |  998.293 |   29.513
     Upper |  155 |    470 |   0.651 |   0.477 |   1.441 |   0.165 |       0.000 |       0.000 | 1001.700 |   28.268
     Upper |  156 |    524 |   0.637 |   0.481 |   1.441 |   0.163 |       0.000 |       0.000 |  999.168 |   30.723
     Upper |  157 |    527 |   0.628 |   0.483 |   1.452 |   0.175 |       0.000 |       0.000 |  999.258 |   29.884
     Upper |  158 |    502 |   0.586 |   0.493 |   1.435 |   0.159 |       0.000 |       0.000 | 1002.928 |   30.828
     Upper |  159 |    532 |   0.594 |   0.491 |   1.444 |   0.164 |       0.000 |       0.000 |  999.791 |   30.641
     Upper |  160 |    488 |   0.625 |   0.484 |   1.443 |   0.163 |       0.000 |       0.000 | 1002.502 |   30.058
     Upper |  161 |    491 |   0.601 |   0.490 |   1.441 |   0.159 |       0.000 |       0.000 | 1000.680 |   31.209
     Upper |  162 |    529 |   0.595 |   0.491 |   1.445 |   0.162 |       0.000 |       0.000 | 1002.771 |   29.630
     Upper |  163 |    486 |   0.634 |   0.482 |   1.443 |   0.163 |       0.000 |       0.000 | 1001.383 |   29.178
     Upper |  164 |    486 |   0.621 |   0.485 |   1.437 |   0.164 |       0.000 |       0.000 | 1000.778 |   30.743
     Upper |  165 |    495 |   0.634 |   0.482 |   1.441 |   0.168 |       0.000 |       0.000 | 1000.832 |   29.850
     Upper |  166 |    501 |   0.623 |   0.485 |   1.444 |   0.155 |       0.000 |       0.000 | 1001.072 |   28.746
     Upper |  167 |    507 |   0.631 |   0.482 |   1.444 |   0.157 |       0.000 |       0.000 | 1000.284 |   30.813
     Upper |  168 |    490 |   0.608 |   0.488 |   1.432 |   0.155 |       0.000 |       0.000 | 1001.559 |   30.241
     Upper |  169 |    504 |   0.605 |   0.489 |   1.441 |   0.165 |       0.000 |       0.000 | 1001.389 |   28.157
     Upper |  170 |    485 |   0.635 |   0.481 |   1.442 |   0.156 |       0.000 |       0.000 | 1001.416 |   29.111
     Upper |  171 |    503 |   0.658 |   0.474 |   1.438 |   0.168 |       0.000 |       0.000 | 1001.950 |   30.669
     Upper |  172 |    491 |   0.615 |   0.487 |   1.448 |   0.160 |       0.000 |       0.000 |  999.900 |   27.955
     Upper |  173 |    502 |   0.582 |   0.493 |   1.439 |   0.158 |       0.000 |       0.000 | 1004.440 |   30.589
     Upper |  174 |    526 |   0.624 |   0.484 |   1.443 |   0.159 |       0.000 |       0.000 | 1000.420 |   29.970
     Upper |  175 |    478 |   0.588 |   0.492 |   1.446 |   0.151 |       0.000 |       0.000 | 1002.609 |   30.631
     Upper |  176 |    500 |   0.622 |   0.485 |   1.447 |   0.155 |       0.000 |       0.000 | 1001.208 |   29.766
     Upper |  177 |    507 |   0.617 |   0.486 |   1.439 |   0.153 |       0.000 |       0.000 | 1002.533 |   29.355
     Upper |  178 |    510 |   0.653 |   0.476 |   1.452 |   0.156 |       0.000 |       0.000 | 1001.161 |   29.989
     Upper |  179 |    516 |   0.593 |   0.491 |   1.449 |   0.145 |       0.000 |       0.000 | 1000.320 |   29.312
     Upper |  180 |    492 |   0.604 |   0.489 |   1.440 |   0.157 |       0.000 |       0.000 | 1002.722 |   29.139
     Upper |  181 |    496 |   0.609 |   0.488 |   1.439 |   0.157 |       0.000 |       0.000 |  998.683 |   30.231
     Upper |  182 |    484 |   0.593 |   0.491 |   1.447 |   0.163 |       0.000 |       0.000 | 1003.517 |   26.979
     Upper |  183 |    505 |   0.576 |   0.494 |   1.438 |   0.156 |       0.000 |       0.000 | 1000.588 |   28.883
     Upper |  184 |    502 |   0.647 |   0.478 |   1.435 |   0.155 |       0.000 |       0.000 |  998.966 |   28.353
     Upper |  185 |    475 |   0.674 |   0.469 |   1.437 |   0.155 |       0.000 |       0.000 | 1001.716 |   27.814
     Upper |  186 |    520 |   0.610 |   0.488 |   1.430 |   0.153 |       0.000 |       0.000 |  999.725 |   27.820
     Upper |  187 |    472 |   0.614 |   0.487 |   1.434 |   0.156 |       0.000 |       0.000 | 1001.587 |   28.700
     Upper |  188 |    520 |   0.569 |   0.495 |   1.424 |   0.147 |       0.000 |       0.000 | 1000.506 |   27.103
     Upper |  189 |    493 |   0.590 |   0.492 |   1.439 |   0.146 |       0.000 |       0.000 | 1000.878 |   29.650
     Upper |  190 |    514 |   0.605 |   0.489 |   1.435 |   0.150 |       0.000 |       0.000 |  998.479 |   28.613
     Upper |  191 |    490 |   0.571 |   0.495 |   1.446 |   0.152 |       0.000 |       0.000 | 1000.600 |   26.623
     Upper |  192 |    510 |   0.582 |   0.493 |   1.431 |   0.152 |       0.000 |       0.000 | 1000.588 |   29.381
     Upper |  193 |    493 |   0.627 |   0.484 |   1.444 |   0.144 |       0.000 |       0.000 |  999.955 |   29.776
     Upper |  194 |    484 |   0.614 |   0.487 |   1.430 |   0.152 |       0.000 |       0.000 | 1001.853 |   28.072
     Upper |  195 |    505 |   0.651 |   0.476 |   1.435 |   0.156 |       0.000 |       0.000 | 1001.881 |   28.493
     Upper |  196 |    523 |   0.595 |   0.491 |   1.442 |   0.150 |       0.000 |       0.000 | 1001.069 |   28.025
     Upper |  197 |    501 |   0.605 |   0.489 |   1.440 |   0.154 |       0.000 |       0.000 | 1001.691 |   27.964
     Upper |  198 |    480 |   0.594 |   0.491 |   1.423 |   0.146 |       0.000 |       0.000 | 1001.252 |   29.421
     Upper |  199 |    512 |   0.590 |   0.492 |   1.437 |   0.152 |       0.000 |       0.000 | 1000.041 |   28.940
 Randomize |    1 |    503 |   1.000 |   0.000 |     inf |     nan |       1.000 |       0.000 |    0.000 |    0.000
 Randomize |    2 |    490 |   0.916 |   0.277 |     inf |     nan |       0.839 |       0.368 |    2.800 |    1.582
 Randomize |    3 |    476 |   0.826 |   0.379 |     inf |     nan |       0.576 |       0.494 |   12.393 |    3.233
 Randomize |    4 |    523 |   0.704 |   0.457 |   2.257 |     nan |       0.352 |       0.478 |   62.048 |   10.302
 Randomize |    5 |    480 |   0.708 |   0.455 |   2.098 |     nan |       0.242 |       0.428 |  370.654 |   53.859
 Randomize |    6 |    512 |   0.723 |   0.448 |   1.986 |     nan |       0.145 |       0.352 | 1011.057 |  131.158
 Randomize |    7 |    505 |   0.679 |   0.467 |   1.844 |     nan |       0.077 |       0.267 | 1018.568 |  116.809
 Randomize |    8 |    476 |   0.672 |   0.469 |   1.740 |     nan |       0.034 |       0.180 | 1008.025 |  104.330
 Randomize |    9 |    524 |   0.655 |   0.476 |   1.618 |     nan |       0.004 |       0.062 | 1006.811 |  100.300
 Randomize |   10 |    503 |   0.646 |   0.478 |   1.697 |     nan |       0.002 |       0.045 | 1013.215 |   93.136
 Randomize |   11 |    497 |   0.668 |   0.471 |   1.697 |   0.790 |       0.000 |       0.000 | 1012.662 |   83.520
 Randomize |   12 |    485 |   0.639 |   0.480 |   1.623 |   0.716 |       0.000 |       0.000 | 1008.054 |   79.831
 Randomize |   13 |    491 |   0.666 |   0.472 |   1.600 |   0.664 |       0.000 |       0.000 | 1007.411 |   79.299
 Randomize |   14 |    537 |   0.607 |   0.488 |   1.590 |   0.592 |       0.000 |       0.000 | 1004.747 |   75.035
 Randomize |   15 |    504 |   0.639 |   0.480 |   1.600 |   0.622 |       0.000 |       0.000 | 1010.474 |   75.812
 Randomize |   16 |    516 |   0.640 |   0.480 |   1.583 |   0.596 |       0.000 |       0.000 | 1005.961 |   74.017
 Randomize |   17 |    496 |   0.643 |   0.479 |   1.560 |   0.589 |       0.000 |       0.000 | 1002.270 |   70.522
 Randomize |   18 |    497 |   0.630 |   0.483 |   1.581 |   0.501 |       0.000 |       0.000 | 1008.567 |   65.586
 Randomize |   19 |    520 |   0.685 |   0.465 |   1.565 |   0.511 |       0.000 |       0.000 | 1008.890 |   64.155
 Randomize |   20 |    479 |   0.618 |   0.486 |   1.554 |   0.490 |       0.000 |       0.000 | 1007.635 |   64.087
 Randomize |   21 |    501 |   0.639 |   0.480 |   1.560 |   0.503 |       0.000 |       0.000 | 1000.244 |   62.902
 Randomize |   22 |    526 |   0.595 |   0.491 |   1.492 |   0.457 |       0.000 |       0.000 | 1007.251 |   63.242
 Randomize |   23 |    499 |   0.667 |   0.471 |   1.530 |   0.458 |       0.000 |       0.000 | 1005.984 |   61.636
 Randomize |   24 |    507 |   0.635 |   0.481 |   1.496 |   0.483 |       0.000 |       0.000 | 1003.101 |   57.850
 Randomize |   25 |    506 |   0.625 |   0.484 |   1.511 |   0.411 |       0.000 |       0.000 | 1004.117 |   56.702
 Randomize |   26 |    514 |   0.601 |   0.490 |   1.481 |   0.416 |       0.000 |       0.000 | 1003.681 |   56.540
 Randomize |   27 |    510 |   0.633 |   0.482 |   1.489 |   0.433 |       0.000 |       0.000 | 1005.580 |   57.031
 Randomize |   28 |    496 |   0.609 |   0.488 |   1.517 |   0.384 |       0.000 |       0.000 | 1006.673 |   56.661
 Randomize |   29 |    491 |   0.642 |   0.480 |   1.462 |   0.397 |       0.000 |       0.000 | 1001.709 |   55.345
 Randomize |   30 |    513 |   0.637 |   0.481 |   1.512 |   0.397 |       0.000 |       0.000 | 1006.058 |   53.174
 Randomize |   31 |    511 |   0.630 |   0.483 |   1.492 |   0.378 |       0.000 |       0.000 | 1004.393 |   51.007
 Randomize |   32 |    503 |   0.674 |   0.469 |   1.483 |   0.401 |       0.000 |       0.000 | 1004.584 |   49.770
 Randomize |   33 |    503 |   0.640 |   0.480 |   1.484 |   0.363 |       0.000 |       0.000 | 1005.763 |   51.930
 Randomize |   34 |    503 |   0.618 |   0.486 |   1.455 |   0.369 |       0.000 |       0.000 | 1003.805 |   51.941
 Randomize |   35 |    470 |   0.613 |   0.487 |   1.467 |   0.355 |       0.000 |       0.000 | 1002.045 |   50.112
 Randomize |   36 |    516 |   0.579 |   0.494 |   1.486 |   0.358 |       0.000 |       0.000 | 1005.543 |   44.426
 Randomize |   37 |    500 |   0.678 |   0.467 |   1.485 |   0.364 |       0.000 |       0.000 | 1007.192 |   48.926
 Randomize |   38 |    513 |   0.628 |   0.483 |   1.443 |   0.357 |       0.000 |       0.000 | 1005.815 |   46.886
 Randomize |   39 |    482 |   0.641 |   0.480 |   1.487 |   0.340 |       0.000 |       0.000 | 1006.834 |   47.394
 Randomize |   40 |    481 |   0.626 |   0.484 |   1.462 |   0.348 |       0.000 |       0.000 | 1007.385 |   48.284
 Randomize |   41 |    508 |   0.640 |   0.480 |   1.468 |   0.351 |       0.000 |       0.000 | 1001.545 |   46.459
 Randomize |   42 |    485 |   0.623 |   0.485 |   1.458 |   0.333 |       0.000 |       0.000 | 1006.812 |   46.495
 Randomize |   43 |    527 |   0.624 |   0.484 |   1.442 |   0.331 |       0.000 |       0.000 | 1002.915 |   45.242
 Randomize |   44 |    509 |   0.625 |   0.484 |   1.455 |   0.321 |       0.000 |       0.000 | 1004.951 |   44.637
 Randomize |   45 |    488 |   0.598 |   0.490 |   1.439 |   0.316 |       0.000 |       0.000 | 1001.582 |   43.133
 Randomize |   46 |    500 |   0.622 |   0.485 |   1.462 |   0.313 |       0.000 |       0.000 | 1005.588 |   44.748
 Randomize |   47 |    491 |   0.615 |   0.487 |   1.436 |   0.306 |       0.000 |       0.000 | 1002.715 |   42.788
 Randomize |   48 |    521 |   0.643 |   0.479 |   1.474 |   0.326 |       0.000 |       0.000 | 1003.198 |   42.525
 Randomize |   49 |    479 |   0.595 |   0.491 |   1.430 |   0.294 |       0.000 |       0.000 | 1001.035 |   40.457
 Randomize |   50 |    512 |   0.600 |   0.490 |   1.419 |   0.297 |       0.000 |       0.000 | 1006.160 |   41.046
 Randomize |   51 |    495 |   0.578 |   0.494 |   1.451 |   0.290 |       0.000 |       0.000 | 1002.285 |   43.351
 Randomize |   52 |    486 |   0.607 |   0.488 |   1.422 |   0.295 |       0.000 |       0.000 | 1004.163 |   41.706
 Randomize |   53 |    517 |   0.607 |   0.488 |   1.430 |   0.295 |       0.000 |       0.000 | 1002.892 |   43.478
 Randomize |   54 |    522 |   0.567 |   0.495 |   1.427 |   0.283 |       0.000 |       0.000 | 1003.086 |   40.923
 Randomize |   55 |    455 |   0.624 |   0.484 |   1.436 |   0.290 |       0.000 |       0.000 | 1003.422 |   41.414
 Randomize |   56 |    520 |   0.600 |   0.490 |   1.426 |   0.281 |       0.000 |       0.000 | 1002.729 |   37.300
 Randomize |   57 |    515 |   0.619 |   0.486 |   1.435 |   0.268 |       0.000 |       0.000 | 1004.315 |   39.623
 Randomize |   58 |    486 |   0.578 |   0.494 |   1.439 |   0.269 |       0.000 |       0.000 | 1002.403 |   39.057
 Randomize |   59 |    494 |   0.599 |   0.490 |   1.443 |   0.278 |       0.000 |       0.000 | 1002.215 |   37.773
 Randomize |   60 |    508 |   0.636 |   0.481 |   1.431 |   0.270 |       0.000 |       0.000 |  999.933 |   39.147
 Randomize |   61 |    479 |   0.589 |   0.492 |   1.441 |   0.270 |       0.000 |       0.000 | 1005.209 |   37.675
 Randomize |   62 |    514 |   0.560 |   0.496 |   1.442 |   0.265 |       0.000 |       0.000 | 1001.914 |   39.219
 Randomize |   63 |    503 |   0.618 |   0.486 |   1.440 |   0.276 |       0.000 |       0.000 | 1005.294 |   39.217
 Randomize |   64 |    497 |   0.632 |   0.482 |   1.430 |   0.251 |       0.000 |       0.000 | 1004.296 |   37.937
 Randomize |   65 |    490 |   0.624 |   0.484 |   1.444 |   0.272 |       0.000 |       0.000 | 1004.239 |   38.197
 Randomize |   66 |    489 |   0.581 |   0.493 |   1.442 |   0.256 |       0.000 |       0.000 | 1005.092 |   37.646
 Randomize |   67 |    493 |   0.606 |   0.489 |   1.432 |   0.264 |       0.000 |       0.000 | 1000.990 |   38.896
 Randomize |   68 |    512 |   0.568 |   0.495 |   1.434 |   0.260 |       0.000 |       0.000 | 1002.520 |   36.449
 Randomize |   69 |    507 |   0.627 |   0.484 |   1.426 |   0.245 |       0.000 |       0.000 | 1004.921 |   39.321
 Randomize |   70 |    508 |   0.610 |   0.488 |   1.436 |   0.235 |       0.000 |       0.000 | 1005.256 |   36.319
 Randomize |   71 |    482 |   0.651 |   0.477 |   1.433 |   0.250 |       0.000 |       0.000 | 1005.598 |   38.452
 Randomize |   72 |    513 |   0.620 |   0.485 |   1.429 |   0.248 |       0.000 |       0.000 | 1000.934 |   36.002
 Randomize |   73 |    492 |   0.598 |   0.490 |   1.441 |   0.242 |       0.000 |       0.000 | 1003.102 |   36.121
 Randomize |   74 |    492 |   0.575 |   0.494 |   1.441 |   0.246 |       0.000 |       0.000 | 1005.260 |   36.006
 Randomize |   75 |    465 |   0.637 |   0.481 |   1.444 |   0.241 |       0.000 |       0.000 | 1004.262 |   36.476
 Randomize |   76 |    531 |   0.642 |   0.479 |   1.423 |   0.250 |       0.000 |       0.000 | 1004.565 |   38.832
 Randomize |   77 |    518 |   0.602 |   0.489 |   1.426 |   0.229 |       0.000 |       0.000 | 1004.108 |   35.949
 Randomize |   78 |    497 |   0.608 |   0.488 |   1.414 |   0.232 |       0.000 |       0.000 | 1004.541 |   37.405
 Randomize |   79 |    463 |   0.587 |   0.492 |   1.438 |   0.230 |       0.000 |       0.000 | 1003.216 |   36.008
 Randomize |   80 |    518 |   0.598 |   0.490 |   1.418 |   0.237 |       0.000 |       0.000 | 1002.703 |   35.297
 Randomize |   81 |    491 |   0.640 |   0.480 |   1.440 |   0.229 |       0.000 |       0.000 | 1005.876 |   35.746
 Randomize |   82 |    487 |   0.595 |   0.491 |   1.437 |   0.225 |       0.000 |       0.000 | 1003.667 |   37.565
 Randomize |   83 |    518 |   0.620 |   0.485 |   1.423 |   0.237 |       0.000 |       0.000 | 1004.886 |   36.926
 Randomize |   84 |    496 |   0.571 |   0.495 |   1.429 |   0.228 |       0.000 |       0.000 | 1003.355 |   34.611
 Randomize |   85 |    500 |   0.680 |   0.466 |   1.435 |   0.216 |       0.000 |       0.000 | 1002.580 |   35.032
 Randomize |   86 |    490 |   0.598 |   0.490 |   1.417 |   0.230 |       0.000 |       0.000 | 1002.890 |   35.633
 Randomize |   87 |    495 |   0.610 |   0.488 |   1.414 |   0.220 |       0.000 |       0.000 | 1006.024 |   35.240
 Randomize |   88 |    510 |   0.567 |   0.496 |   1.426 |   0.222 |       0.000 |       0.000 | 1002.645 |   34.739
 Randomize |   89 |    497 |   0.632 |   0.482 |   1.423 |   0.211 |       0.000 |       0.000 | 1004.034 |   33.746
 Randomize |   90 |    510 |   0.659 |   0.474 |   1.429 |   0.217 |       0.000 |       0.000 | 1003.184 |   35.330
 Randomize |   91 |    509 |   0.593 |   0.491 |   1.410 |   0.210 |       0.000 |       0.000 | 1005.676 |   34.294
 Randomize |   92 |    477 |   0.606 |   0.489 |   1.420 |   0.214 |       0.000 |       0.000 | 1000.499 |   34.263
 Randomize |   93 |    505 |   0.612 |   0.487 |   1.415 |   0.209 |       0.000 |       0.000 | 1003.263 |   32.193
 Randomize |   94 |    463 |   0.609 |   0.488 |   1.427 |   0.218 |       0.000 |       0.000 | 1003.151 |   35.242
 Randomize |   95 |    502 |   0.594 |   0.491 |   1.415 |   0.200 |       0.000 |       0.000 | 1000.769 |   35.125
 Randomize |   96 |    491 |   0.621 |   0.485 |   1.432 |   0.208 |       0.000 |       0.000 | 1001.831 |   33.903
 Randomize |   97 |    481 |   0.642 |   0.479 |   1.412 |   0.203 |       0.000 |       0.000 | 1002.588 |   32.313
 Randomize |   98 |    527 |   0.588 |   0.492 |   1.420 |   0.200 |       0.000 |       0.000 | 1000.531 |   33.762
 Randomize |   99 |    486 |   0.615 |   0.487 |   1.428 |   0.205 |       0.000 |       0.000 | 1002.467 |   34.717
 Randomize |  100 |    491 |   0.629 |   0.483 |   1.411 |   0.206 |       0.000 |       0.000 | 1004.916 |   33.500
 Randomize |  101 |    506 |   0.630 |   0.483 |   1.421 |   0.204 |       0.000 |       0.000 | 1001.405 |   33.902
 Randomize |  102 |    493 |   0.602 |   0.489 |   1.412 |   0.197 |       0.000 |       0.000 | 1000.941 |   32.712
 Randomize |  103 |    483 |   0.617 |   0.486 |   1.419 |   0.202 |       0.000 |       0.000 | 1001.954 |   34.294
 Randomize |  104 |    513 |   0.608 |   0.488 |   1.420 |   0.197 |       0.000 |       0.000 | 1002.279 |   32.868
 Randomize |  105 |    491 |   0.609 |   0.488 |   1.413 |   0.198 |       0.000 |       0.000 | 1002.939 |   33.122
 Randomize |  106 |    498 |   0.588 |   0.492 |   1.422 |   0.192 |       0.000 |       0.000 | 1002.127 |   33.393
 Randomize |  107 |    494 |   0.597 |   0.490 |   1.397 |   0.203 |       0.000 |       0.000 | 1004.820 |   33.061
 Randomize |  108 |    509 |   0.625 |   0.484 |   1.421 |   0.193 |       0.000 |       0.000 | 1004.389 |   33.630
 Randomize |  109 |    481 |   0.595 |   0.491 |   1.419 |   0.199 |       0.000 |       0.000 | 1004.187 |   32.109
 Randomize |  110 |    499 |   0.601 |   0.490 |   1.430 |   0.198 |       0.000 |       0.000 | 1001.537 |   32.699
 Randomize |  111 |    495 |   0.600 |   0.490 |   1.403 |   0.192 |       0.000 |       0.000 | 1003.998 |   31.450
 Randomize |  112 |    502 |   0.627 |   0.483 |   1.419 |   0.193 |       0.000 |       0.000 | 1002.349 |   33.635
 Randomize |  113 |    502 |   0.641 |   0.480 |   1.420 |   0.186 |       0.000 |       0.000 | 1002.958 |   31.962
 Randomize |  114 |    511 |   0.620 |   0.485 |   1.422 |   0.194 |       0.000 |       0.000 | 1002.618 |   33.403
 Randomize |  115 |    506 |   0.634 |   0.482 |   1.420 |   0.191 |       0.000 |       0.000 | 1002.156 |   32.776
 Randomize |  116 |    483 |   0.596 |   0.491 |   1.420 |   0.182 |       0.000 |       0.000 | 1002.867 |   31.415
 Randomize |  117 |    499 |   0.559 |   0.496 |   1.431 |   0.192 |       0.000 |       0.000 | 1002.956 |   32.001
 Randomize |  118 |    514 |   0.597 |   0.490 |   1.411 |   0.192 |       0.000 |       0.000 | 1000.233 |   33.638
 Randomize |  119 |    503 |   0.577 |   0.494 |   1.410 |   0.186 |       0.000 |       0.000 | 1004.052 |   31.838
 Randomize |  120 |    493 |   0.576 |   0.494 |   1.421 |   0.188 |       0.000 |       0.000 | 1002.235 |   31.225
 Randomize |  121 |    497 |   0.604 |   0.489 |   1.419 |   0.187 |       0.000 |       0.000 | 1002.276 |   34.239
 Randomize |  122 |    494 |   0.632 |   0.482 |   1.423 |   0.192 |       0.000 |       0.000 | 1001.771 |   32.623
 Randomize |  123 |    463 |   0.622 |   0.485 |   1.418 |   0.186 |       0.000 |       0.000 | 1001.629 |   33.394
 Randomize |  124 |    505 |   0.588 |   0.492 |   1.419 |   0.190 |       0.000 |       0.000 | 1001.206 |   31.348
 Randomize |  125 |    461 |   0.633 |   0.482 |   1.420 |   0.191 |       0.000 |       0.000 | 1002.354 |   31.081
 Randomize |  126 |    511 |   0.628 |   0.483 |   1.419 |   0.178 |       0.000 |       0.000 | 1001.354 |   31.840
 Randomize |  127 |    516 |   0.599 |   0.490 |   1.421 |   0.178 |       0.000 |       0.000 | 1002.006 |   31.651
 Randomize |  128 |    506 |   0.625 |   0.484 |   1.421 |   0.176 |       0.000 |       0.000 | 1002.628 |   32.523
 Randomize |  129 |    506 |   0.609 |   0.488 |   1.413 |   0.178 |       0.000 |       0.000 | 1001.239 |   32.262
 Randomize |  130 |    507 |   0.663 |   0.473 |   1.404 |   0.178 |       0.000 |       0.000 | 1001.481 |   33.246
 Randomize |  131 |    500 |   0.574 |   0.494 |   1.419 |   0.180 |       0.000 |       0.000 |  999.304 |   30.717
 Randomize |  132 |    499 |   0.609 |   0.488 |   1.425 |   0.180 |       0.000 |       0.000 | 1001.774 |   31.891
 Randomize |  133 |    501 |   0.605 |   0.489 |   1.429 |   0.172 |       0.000 |       0.000 | 1002.731 |   32.986
 Randomize |  134 |    529 |   0.552 |   0.497 |   1.414 |   0.177 |       0.000 |       0.000 | 1001.512 |   30.529
 Randomize |  135 |    492 |   0.606 |   0.489 |   1.409 |   0.175 |       0.000 |       0.000 | 1001.734 |   31.575
 Randomize |  136 |    499 |   0.575 |   0.494 |   1.404 |   0.172 |       0.000 |       0.000 | 1000.834 |   31.109
 Randomize |  137 |    488 |   0.602 |   0.489 |   1.410 |   0.173 |       0.000 |       0.000 | 1000.424 |   30.161
 Randomize |  138 |    509 |   0.615 |   0.487 |   1.408 |   0.175 |       0.000 |       0.000 | 1001.226 |   29.166
 Randomize |  139 |    492 |   0.598 |   0.490 |   1.424 |   0.177 |       0.000 |       0.000 | 1000.417 |   30.054
 Randomize |  140 |    501 |   0.611 |   0.488 |   1.418 |   0.173 |       0.000 |       0.000 |  999.802 |   30.230
 Randomize |  141 |    510 |   0.596 |   0.491 |   1.425 |   0.170 |       0.000 |       0.000 |  999.833 |   29.822
 Randomize |  142 |    478 |   0.575 |   0.494 |   1.426 |   0.178 |       0.000 |       0.000 | 1002.582 |   30.077
 Randomize |  143 |    518 |   0.635 |   0.481 |   1.409 |   0.166 |       0.000 |       0.000 | 1000.819 |   31.019
 Randomize |  144 |    519 |   0.615 |   0.487 |   1.409 |   0.169 |       0.000 |       0.000 | 1001.634 |   31.804
 Randomize |  145 |    485 |   0.596 |   0.491 |   1.425 |   0.168 |       0.000 |       0.000 | 1004.047 |   29.266
 Randomize |  146 |    510 |   0.584 |   0.493 |   1.405 |   0.165 |       0.000 |       0.000 | 1000.375 |   28.564
 Randomize |  147 |    481 |   0.622 |   0.485 |   1.412 |   0.170 |       0.000 |       0.000 | 1002.304 |   29.750
 Randomize |  148 |    518 |   0.587 |   0.492 |   1.420 |   0.166 |       0.000 |       0.000 | 1002.730 |   31.254
 Randomize |  149 |    503 |   0.618 |   0.486 |   1.410 |   0.165 |       0.000 |       0.000 | 1000.068 |   29.891
 Randomize |  150 |    473 |   0.617 |   0.486 |   1.415 |   0.161 |       0.000 |       0.000 | 1002.311 |   29.894
 Randomize |  151 |    494 |   0.601 |   0.490 |   1.431 |   0.172 |       0.000 |       0.000 | 1001.354 |   29.711
 Randomize |  152 |    498 |   0.610 |   0.488 |   1.415 |   0.159 |       0.000 |       0.000 | 1001.679 |   31.793
 Randomize |  153 |    516 |   0.591 |   0.492 |   1.412 |   0.164 |       0.000 |       0.000 | 1000.442 |   31.432
 Randomize |  154 |    499 |   0.587 |   0.492 |   1.413 |   0.173 |       0.000 |       0.000 |  998.309 |   29.585
 Randomize |  155 |    470 |   0.638 |   0.480 |   1.416 |   0.164 |       0.000 |       0.000 | 1001.749 |   28.266
 Randomize |  156 |    524 |   0.632 |   0.482 |   1.412 |   0.162 |       0.000 |       0.000 |  999.191 |   30.730
 Randomize |  157 |    527 |   0.611 |   0.488 |   1.413 |   0.175 |       0.000 |       0.000 |  999.277 |   29.837
 Randomize |  158 |    502 |   0.578 |   0.494 |   1.409 |   0.156 |       0.000 |       0.000 | 1002.888 |   30.736
 Randomize |  159 |    532 |   0.581 |   0.493 |   1.421 |   0.162 |       0.000 |       0.000 |  999.835 |   30.558
 Randomize |  160 |    488 |   0.611 |   0.488 |   1.418 |   0.162 |       0.000 |       0.000 | 1002.586 |   30.077
 Randomize |  161 |    491 |   0.591 |   0.492 |   1.415 |   0.157 |       0.000 |       0.000 | 1000.760 |   31.268
 Randomize |  162 |    529 |   0.592 |   0.492 |   1.422 |   0.157 |       0.000 |       0.000 | 1002.817 |   29.591
 Randomize |  163 |    486 |   0.623 |   0.485 |   1.421 |   0.162 |       0.000 |       0.000 | 1001.372 |   29.184
 Randomize |  164 |    486 |   0.603 |   0.489 |   1.415 |   0.165 |       0.000 |       0.000 | 1000.741 |   30.742
 Randomize |  165 |    495 |   0.616 |   0.486 |   1.414 |   0.167 |       0.000 |       0.000 | 1000.929 |   30.003
 Randomize |  166 |    501 |   0.611 |   0.488 |   1.426 |   0.154 |       0.000 |       0.000 | 1001.060 |   28.772
 Randomize |  167 |    507 |   0.623 |   0.485 |   1.419 |   0.157 |       0.000 |       0.000 | 1000.268 |   30.741
 Randomize |  168 |    490 |   0.600 |   0.490 |   1.409 |   0.154 |       0.000 |       0.000 | 1001.549 |   30.175
 Randomize |  169 |    504 |   0.587 |   0.492 |   1.414 |   0.161 |       0.000 |       0.000 | 1001.337 |   28.150
 Randomize |  170 |    485 |   0.633 |   0.482 |   1.418 |   0.155 |       0.000 |       0.000 | 1001.414 |   29.198
 Randomize |  171 |    503 |   0.640 |   0.480 |   1.409 |   0.162 |       0.000 |       0.000 | 1001.942 |   30.679
 Randomize |  172 |    491 |   0.611 |   0.488 |   1.430 |   0.159 |       0.000 |       0.000 |  999.902 |   28.061
 Randomize |  173 |    502 |   0.574 |   0.495 |   1.411 |   0.155 |       0.000 |       0.000 | 1004.329 |   30.573
 Randomize |  174 |    526 |   0.618 |   0.486 |   1.414 |   0.159 |       0.000 |       0.000 | 1000.536 |   30.123
 Randomize |  175 |    478 |   0.575 |   0.494 |   1.423 |   0.150 |       0.000 |       0.000 | 1002.559 |   30.581
 Randomize |  176 |    500 |   0.612 |   0.487 |   1.426 |   0.153 |       0.000 |       0.000 | 1001.222 |   29.953
 Randomize |  177 |    507 |   0.606 |   0.489 |   1.416 |   0.151 |       0.000 |       0.000 | 1002.521 |   29.333
 Randomize |  178 |    510 |   0.651 |   0.477 |   1.422 |   0.152 |       0.000 |       0.000 | 1001.141 |   30.032
 Randomize |  179 |    516 |   0.581 |   0.493 |   1.426 |   0.144 |       0.000 |       0.000 | 1000.283 |   29.166
 Randomize |  180 |    492 |   0.598 |   0.490 |   1.407 |   0.156 |       0.000 |       0.000 | 1002.774 |   29.069
 Randomize |  181 |    496 |   0.601 |   0.490 |   1.412 |   0.155 |       0.000 |       0.000 |  998.855 |   30.140
 Randomize |  182 |    484 |   0.591 |   0.492 |   1.415 |   0.159 |       0.000 |       0.000 | 1003.550 |   27.148
 Randomize |  183 |    505 |   0.576 |   0.494 |   1.409 |   0.153 |       0.000 |       0.000 | 1000.669 |   28.833
 Randomize |  184 |    502 |   0.641 |   0.480 |   1.407 |   0.152 |       0.000 |       0.000 |  999.000 |   28.455
 Randomize |  185 |    475 |   0.665 |   0.472 |   1.419 |   0.152 |       0.000 |       0.000 | 1001.813 |   27.917
 Randomize |  186 |    520 |   0.600 |   0.490 |   1.405 |   0.153 |       0.000 |       0.000 |  999.713 |   27.747
 Randomize |  187 |    472 |   0.606 |   0.489 |   1.413 |   0.156 |       0.000 |       0.000 | 1001.515 |   28.683
 Randomize |  188 |    520 |   0.563 |   0.496 |   1.409 |   0.145 |       0.000 |       0.000 | 1000.444 |   26.954
 Randomize |  189 |    493 |   0.588 |   0.492 |   1.414 |   0.146 |       0.000 |       0.000 | 1000.951 |   29.644
 Randomize |  190 |    514 |   0.595 |   0.491 |   1.413 |   0.147 |       0.000 |       0.000 |  998.412 |   28.551
 Randomize |  191 |    490 |   0.563 |   0.496 |   1.416 |   0.153 |       0.000 |       0.000 | 1000.557 |   26.695
 Randomize |  192 |    510 |   0.582 |   0.493 |   1.407 |   0.148 |       0.000 |       0.000 | 1000.563 |   29.412
 Randomize |  193 |    493 |   0.627 |   0.484 |   1.421 |   0.143 |       0.000 |       0.000 |  999.966 |   29.892
 Randomize |  194 |    484 |   0.605 |   0.489 |   1.412 |   0.148 |       0.000 |       0.000 | 1001.820 |   28.143
 Randomize |  195 |    505 |   0.646 |   0.478 |   1.407 |   0.154 |       0.000 |       0.000 | 1001.802 |   28.452
 Randomize |  196 |    523 |   0.589 |   0.492 |   1.422 |   0.147 |       0.000 |       0.000 | 1001.109 |   28.046
 Randomize |  197 |    501 |   0.595 |   0.491 |   1.413 |   0.152 |       0.000 |       0.000 | 1001.599 |   27.859
 Randomize |  198 |    480 |   0.588 |   0.492 |   1.403 |   0.145 |       0.000 |       0.000 | 1001.250 |   29.449
 Randomize |  199 |    512 |   0.586 |   0.493 |   1.414 |   0.148 |       0.000 |       0.000 |  999.998 |   28.933
