Experiment Results - 20250730_170927
==================================================
n_online_list: [200]
n_runs: 1000
alpha: 0.4
M: 2000
==================================================

Per-t selection conditional statistics (mean/std across simulations):
    Method |    t |  Count | CovMean |  CovStd | LenMedian |  LenStd | InfFracMean |  InfFracStd |  CalMean |   CalStd
------------------------------------------------------------------------------------------------------
     Upper |    1 |    503 |   1.000 |   0.000 |     inf |     nan |       1.000 |       0.000 |    0.000 |    0.000
     Upper |    2 |    322 |   1.000 |   0.000 |     inf |     nan |       1.000 |       0.000 |    0.000 |    0.000
     Upper |    3 |    396 |   1.000 |   0.000 |     inf |     nan |       1.000 |       0.000 |   10.000 |    0.000
     Upper |    4 |    394 |   1.000 |   0.000 |     inf |     nan |       1.000 |       0.000 |   46.000 |    0.000
     Upper |    5 |    376 |   0.968 |   0.176 |     inf |     nan |       0.848 |       0.359 |  276.000 |    0.000
     Upper |    6 |    399 |   0.940 |   0.238 |     inf |     nan |       0.747 |       0.435 |  752.301 |   17.130
     Upper |    7 |    372 |   0.898 |   0.303 |     inf |     nan |       0.583 |       0.493 |  761.073 |   21.257
     Upper |    8 |    355 |   0.887 |   0.316 |   4.563 |     nan |       0.487 |       0.500 |  757.358 |   21.157
     Upper |    9 |    393 |   0.847 |   0.360 |   2.865 |     nan |       0.379 |       0.485 |  757.735 |   21.575
     Upper |   10 |    366 |   0.806 |   0.395 |   2.580 |     nan |       0.221 |       0.415 |  758.060 |   20.906
     Upper |   11 |    365 |   0.792 |   0.406 |   2.394 |     nan |       0.093 |       0.291 |  756.038 |   22.594
     Upper |   12 |    362 |   0.768 |   0.422 |   2.220 |     nan |       0.030 |       0.172 |  757.218 |   20.244
     Upper |   13 |    360 |   0.747 |   0.435 |   2.143 |     nan |       0.003 |       0.053 |  758.417 |   22.440
     Upper |   14 |    427 |   0.745 |   0.436 |   2.127 |   0.904 |       0.000 |       0.000 |  757.117 |   21.783
     Upper |   15 |    363 |   0.736 |   0.441 |   2.065 |   0.897 |       0.000 |       0.000 |  756.030 |   22.962
     Upper |   16 |    386 |   0.736 |   0.441 |   2.011 |   0.787 |       0.000 |       0.000 |  755.446 |   21.472
     Upper |   17 |    379 |   0.728 |   0.445 |   1.954 |   0.788 |       0.000 |       0.000 |  756.222 |   21.851
     Upper |   18 |    370 |   0.708 |   0.455 |   1.935 |   0.656 |       0.000 |       0.000 |  759.246 |   21.464
     Upper |   19 |    401 |   0.766 |   0.424 |   1.863 |   0.652 |       0.000 |       0.000 |  758.045 |   20.644
     Upper |   20 |    361 |   0.704 |   0.457 |   1.884 |   0.663 |       0.000 |       0.000 |  758.152 |   20.277
     Upper |   21 |    378 |   0.693 |   0.461 |   1.843 |   0.636 |       0.000 |       0.000 |  756.328 |   21.593
     Upper |   22 |    402 |   0.699 |   0.459 |   1.775 |   0.592 |       0.000 |       0.000 |  759.706 |   21.169
     Upper |   23 |    372 |   0.742 |   0.438 |   1.806 |   0.559 |       0.000 |       0.000 |  755.398 |   21.595
     Upper |   24 |    385 |   0.706 |   0.455 |   1.767 |   0.546 |       0.000 |       0.000 |  759.106 |   22.321
     Upper |   25 |    377 |   0.711 |   0.453 |   1.751 |   0.537 |       0.000 |       0.000 |  758.305 |   21.084
     Upper |   26 |    392 |   0.643 |   0.479 |   1.710 |   0.467 |       0.000 |       0.000 |  756.194 |   21.350
     Upper |   27 |    383 |   0.695 |   0.461 |   1.725 |   0.507 |       0.000 |       0.000 |  756.598 |   21.817
     Upper |   28 |    373 |   0.684 |   0.465 |   1.767 |   0.444 |       0.000 |       0.000 |  759.834 |   21.860
     Upper |   29 |    363 |   0.691 |   0.462 |   1.670 |   0.476 |       0.000 |       0.000 |  758.433 |   21.171
     Upper |   30 |    400 |   0.693 |   0.461 |   1.691 |   0.469 |       0.000 |       0.000 |  754.763 |   20.717
     Upper |   31 |    383 |   0.692 |   0.462 |   1.732 |   0.425 |       0.000 |       0.000 |  757.616 |   22.110
     Upper |   32 |    376 |   0.715 |   0.451 |   1.656 |   0.461 |       0.000 |       0.000 |  757.258 |   21.894
     Upper |   33 |    391 |   0.668 |   0.471 |   1.652 |   0.407 |       0.000 |       0.000 |  757.130 |   21.954
     Upper |   34 |    383 |   0.689 |   0.463 |   1.666 |   0.470 |       0.000 |       0.000 |  756.013 |   21.411
     Upper |   35 |    361 |   0.681 |   0.466 |   1.631 |   0.395 |       0.000 |       0.000 |  756.227 |   20.877
     Upper |   36 |    369 |   0.610 |   0.488 |   1.684 |   0.402 |       0.000 |       0.000 |  758.022 |   20.896
     Upper |   37 |    378 |   0.738 |   0.440 |   1.654 |   0.415 |       0.000 |       0.000 |  757.497 |   22.306
     Upper |   38 |    377 |   0.650 |   0.477 |   1.570 |   0.402 |       0.000 |       0.000 |  756.186 |   22.203
     Upper |   39 |    368 |   0.701 |   0.458 |   1.642 |   0.381 |       0.000 |       0.000 |  755.307 |   22.004
     Upper |   40 |    367 |   0.657 |   0.475 |   1.612 |   0.384 |       0.000 |       0.000 |  756.676 |   21.519
     Upper |   41 |    368 |   0.647 |   0.478 |   1.577 |   0.370 |       0.000 |       0.000 |  757.470 |   20.670
     Upper |   42 |    370 |   0.678 |   0.467 |   1.591 |   0.362 |       0.000 |       0.000 |  757.443 |   20.954
     Upper |   43 |    395 |   0.628 |   0.483 |   1.592 |   0.371 |       0.000 |       0.000 |  757.116 |   20.861
     Upper |   44 |    396 |   0.664 |   0.472 |   1.593 |   0.360 |       0.000 |       0.000 |  756.588 |   21.694
     Upper |   45 |    361 |   0.601 |   0.490 |   1.574 |   0.343 |       0.000 |       0.000 |  756.266 |   22.798
     Upper |   46 |    373 |   0.654 |   0.476 |   1.571 |   0.358 |       0.000 |       0.000 |  757.906 |   21.575
     Upper |   47 |    367 |   0.629 |   0.483 |   1.565 |   0.357 |       0.000 |       0.000 |  758.360 |   20.647
     Upper |   48 |    384 |   0.669 |   0.470 |   1.569 |   0.357 |       0.000 |       0.000 |  757.596 |   20.928
     Upper |   49 |    346 |   0.621 |   0.485 |   1.544 |   0.311 |       0.000 |       0.000 |  755.934 |   21.603
     Upper |   50 |    386 |   0.640 |   0.480 |   1.541 |   0.326 |       0.000 |       0.000 |  756.293 |   22.010
     Upper |   51 |    387 |   0.597 |   0.491 |   1.577 |   0.342 |       0.000 |       0.000 |  757.884 |   22.747
     Upper |   52 |    370 |   0.646 |   0.478 |   1.531 |   0.324 |       0.000 |       0.000 |  756.457 |   21.858
     Upper |   53 |    407 |   0.627 |   0.484 |   1.558 |   0.325 |       0.000 |       0.000 |  757.479 |   22.341
     Upper |   54 |    404 |   0.592 |   0.492 |   1.526 |   0.327 |       0.000 |       0.000 |  756.936 |   21.859
     Upper |   55 |    336 |   0.658 |   0.474 |   1.584 |   0.326 |       0.000 |       0.000 |  756.402 |   21.362
     Upper |   56 |    388 |   0.619 |   0.486 |   1.528 |   0.307 |       0.000 |       0.000 |  757.387 |   19.936
     Upper |   57 |    402 |   0.652 |   0.476 |   1.546 |   0.304 |       0.000 |       0.000 |  759.495 |   22.410
     Upper |   58 |    357 |   0.641 |   0.480 |   1.579 |   0.297 |       0.000 |       0.000 |  755.451 |   22.715
     Upper |   59 |    385 |   0.631 |   0.482 |   1.538 |   0.295 |       0.000 |       0.000 |  755.371 |   20.274
     Upper |   60 |    393 |   0.662 |   0.473 |   1.529 |   0.311 |       0.000 |       0.000 |  754.898 |   21.421
     Upper |   61 |    367 |   0.616 |   0.486 |   1.554 |   0.286 |       0.000 |       0.000 |  756.864 |   20.925
     Upper |   62 |    384 |   0.589 |   0.492 |   1.531 |   0.289 |       0.000 |       0.000 |  755.573 |   20.707
     Upper |   63 |    406 |   0.648 |   0.478 |   1.530 |   0.310 |       0.000 |       0.000 |  754.961 |   21.762
     Upper |   64 |    371 |   0.642 |   0.480 |   1.524 |   0.269 |       0.000 |       0.000 |  757.550 |   23.738
     Upper |   65 |    375 |   0.685 |   0.464 |   1.535 |   0.307 |       0.000 |       0.000 |  758.389 |   21.588
     Upper |   66 |    367 |   0.619 |   0.486 |   1.516 |   0.283 |       0.000 |       0.000 |  755.629 |   21.748
     Upper |   67 |    362 |   0.624 |   0.484 |   1.507 |   0.286 |       0.000 |       0.000 |  757.530 |   20.334
     Upper |   68 |    388 |   0.588 |   0.492 |   1.527 |   0.288 |       0.000 |       0.000 |  755.637 |   20.845
     Upper |   69 |    385 |   0.636 |   0.481 |   1.503 |   0.277 |       0.000 |       0.000 |  758.096 |   21.052
     Upper |   70 |    386 |   0.637 |   0.481 |   1.544 |   0.272 |       0.000 |       0.000 |  757.951 |   20.869
     Upper |   71 |    351 |   0.684 |   0.465 |   1.516 |   0.285 |       0.000 |       0.000 |  755.997 |   23.661
     Upper |   72 |    371 |   0.617 |   0.486 |   1.519 |   0.268 |       0.000 |       0.000 |  754.954 |   23.271
     Upper |   73 |    365 |   0.586 |   0.492 |   1.531 |   0.264 |       0.000 |       0.000 |  759.362 |   22.290
     Upper |   74 |    385 |   0.592 |   0.491 |   1.526 |   0.266 |       0.000 |       0.000 |  755.545 |   21.363
     Upper |   75 |    358 |   0.673 |   0.469 |   1.517 |   0.266 |       0.000 |       0.000 |  755.732 |   21.813
     Upper |   76 |    402 |   0.674 |   0.469 |   1.528 |   0.279 |       0.000 |       0.000 |  757.567 |   21.041
     Upper |   77 |    402 |   0.642 |   0.479 |   1.516 |   0.250 |       0.000 |       0.000 |  757.333 |   20.875
     Upper |   78 |    356 |   0.657 |   0.475 |   1.512 |   0.265 |       0.000 |       0.000 |  759.677 |   20.765
     Upper |   79 |    356 |   0.567 |   0.495 |   1.517 |   0.257 |       0.000 |       0.000 |  756.289 |   22.383
     Upper |   80 |    384 |   0.607 |   0.488 |   1.482 |   0.246 |       0.000 |       0.000 |  758.279 |   21.571
     Upper |   81 |    383 |   0.663 |   0.473 |   1.523 |   0.249 |       0.000 |       0.000 |  758.123 |   21.465
     Upper |   82 |    361 |   0.612 |   0.487 |   1.512 |   0.252 |       0.000 |       0.000 |  759.548 |   21.174
     Upper |   83 |    371 |   0.631 |   0.483 |   1.504 |   0.249 |       0.000 |       0.000 |  756.655 |   20.976
     Upper |   84 |    375 |   0.592 |   0.491 |   1.502 |   0.249 |       0.000 |       0.000 |  756.091 |   21.436
     Upper |   85 |    381 |   0.698 |   0.459 |   1.500 |   0.237 |       0.000 |       0.000 |  757.018 |   21.751
     Upper |   86 |    356 |   0.612 |   0.487 |   1.481 |   0.257 |       0.000 |       0.000 |  756.961 |   22.415
     Upper |   87 |    375 |   0.621 |   0.485 |   1.475 |   0.247 |       0.000 |       0.000 |  756.451 |   20.830
     Upper |   88 |    388 |   0.613 |   0.487 |   1.512 |   0.248 |       0.000 |       0.000 |  757.825 |   21.342
     Upper |   89 |    354 |   0.633 |   0.482 |   1.514 |   0.234 |       0.000 |       0.000 |  757.992 |   21.769
     Upper |   90 |    397 |   0.660 |   0.474 |   1.492 |   0.230 |       0.000 |       0.000 |  756.166 |   21.599
     Upper |   91 |    385 |   0.623 |   0.485 |   1.517 |   0.228 |       0.000 |       0.000 |  756.496 |   23.038
     Upper |   92 |    361 |   0.618 |   0.486 |   1.497 |   0.239 |       0.000 |       0.000 |  756.637 |   22.560
     Upper |   93 |    384 |   0.620 |   0.485 |   1.496 |   0.241 |       0.000 |       0.000 |  755.169 |   21.356
     Upper |   94 |    347 |   0.622 |   0.485 |   1.492 |   0.220 |       0.000 |       0.000 |  756.697 |   20.577
     Upper |   95 |    392 |   0.597 |   0.491 |   1.481 |   0.226 |       0.000 |       0.000 |  756.957 |   20.734
     Upper |   96 |    386 |   0.635 |   0.482 |   1.510 |   0.222 |       0.000 |       0.000 |  758.523 |   20.551
     Upper |   97 |    362 |   0.652 |   0.476 |   1.464 |   0.219 |       0.000 |       0.000 |  758.000 |   22.532
     Upper |   98 |    407 |   0.609 |   0.488 |   1.474 |   0.227 |       0.000 |       0.000 |  757.813 |   21.919
     Upper |   99 |    381 |   0.643 |   0.479 |   1.492 |   0.220 |       0.000 |       0.000 |  755.184 |   21.926
     Upper |  100 |    374 |   0.668 |   0.471 |   1.496 |   0.226 |       0.000 |       0.000 |  755.120 |   22.735
     Upper |  101 |    393 |   0.664 |   0.472 |   1.476 |   0.227 |       0.000 |       0.000 |  755.751 |   22.903
     Upper |  102 |    379 |   0.636 |   0.481 |   1.497 |   0.205 |       0.000 |       0.000 |  756.813 |   21.130
     Upper |  103 |    383 |   0.629 |   0.483 |   1.488 |   0.224 |       0.000 |       0.000 |  759.616 |   22.115
     Upper |  104 |    385 |   0.623 |   0.485 |   1.464 |   0.219 |       0.000 |       0.000 |  756.532 |   21.734
     Upper |  105 |    364 |   0.610 |   0.488 |   1.486 |   0.209 |       0.000 |       0.000 |  757.692 |   20.352
     Upper |  106 |    375 |   0.605 |   0.489 |   1.500 |   0.220 |       0.000 |       0.000 |  756.776 |   21.955
     Upper |  107 |    377 |   0.610 |   0.488 |   1.470 |   0.212 |       0.000 |       0.000 |  756.202 |   21.534
     Upper |  108 |    390 |   0.631 |   0.483 |   1.483 |   0.210 |       0.000 |       0.000 |  757.218 |   21.780
     Upper |  109 |    366 |   0.582 |   0.493 |   1.459 |   0.222 |       0.000 |       0.000 |  757.574 |   22.276
     Upper |  110 |    385 |   0.626 |   0.484 |   1.493 |   0.213 |       0.000 |       0.000 |  757.584 |   22.717
     Upper |  111 |    384 |   0.625 |   0.484 |   1.469 |   0.205 |       0.000 |       0.000 |  758.268 |   21.773
     Upper |  112 |    369 |   0.656 |   0.475 |   1.475 |   0.215 |       0.000 |       0.000 |  756.683 |   22.219
     Upper |  113 |    382 |   0.649 |   0.477 |   1.470 |   0.206 |       0.000 |       0.000 |  756.207 |   23.317
     Upper |  114 |    393 |   0.659 |   0.474 |   1.465 |   0.217 |       0.000 |       0.000 |  756.794 |   22.255
     Upper |  115 |    374 |   0.623 |   0.485 |   1.477 |   0.201 |       0.000 |       0.000 |  757.660 |   21.318
     Upper |  116 |    358 |   0.620 |   0.485 |   1.472 |   0.199 |       0.000 |       0.000 |  756.232 |   18.725
     Upper |  117 |    379 |   0.586 |   0.493 |   1.475 |   0.214 |       0.000 |       0.000 |  754.509 |   22.990
     Upper |  118 |    397 |   0.625 |   0.484 |   1.456 |   0.199 |       0.000 |       0.000 |  757.771 |   21.345
     Upper |  119 |    366 |   0.587 |   0.492 |   1.467 |   0.188 |       0.000 |       0.000 |  755.607 |   20.959
     Upper |  120 |    364 |   0.610 |   0.488 |   1.481 |   0.196 |       0.000 |       0.000 |  755.478 |   22.280
     Upper |  121 |    399 |   0.647 |   0.478 |   1.484 |   0.199 |       0.000 |       0.000 |  756.388 |   22.676
     Upper |  122 |    371 |   0.623 |   0.485 |   1.489 |   0.213 |       0.000 |       0.000 |  755.677 |   20.989
     Upper |  123 |    339 |   0.637 |   0.481 |   1.467 |   0.197 |       0.000 |       0.000 |  756.021 |   22.042
     Upper |  124 |    390 |   0.621 |   0.485 |   1.467 |   0.205 |       0.000 |       0.000 |  756.677 |   21.449
     Upper |  125 |    359 |   0.652 |   0.476 |   1.479 |   0.198 |       0.000 |       0.000 |  757.705 |   20.773
     Upper |  126 |    386 |   0.663 |   0.473 |   1.465 |   0.189 |       0.000 |       0.000 |  755.547 |   21.568
     Upper |  127 |    390 |   0.600 |   0.490 |   1.482 |   0.201 |       0.000 |       0.000 |  756.136 |   22.890
     Upper |  128 |    388 |   0.644 |   0.479 |   1.473 |   0.190 |       0.000 |       0.000 |  755.961 |   20.701
     Upper |  129 |    403 |   0.640 |   0.480 |   1.461 |   0.190 |       0.000 |       0.000 |  758.176 |   22.295
     Upper |  130 |    369 |   0.705 |   0.456 |   1.463 |   0.196 |       0.000 |       0.000 |  753.970 |   20.824
     Upper |  131 |    395 |   0.577 |   0.494 |   1.469 |   0.198 |       0.000 |       0.000 |  760.043 |   21.633
     Upper |  132 |    375 |   0.611 |   0.488 |   1.472 |   0.189 |       0.000 |       0.000 |  756.131 |   22.883
     Upper |  133 |    401 |   0.603 |   0.489 |   1.471 |   0.185 |       0.000 |       0.000 |  758.249 |   22.157
     Upper |  134 |    408 |   0.559 |   0.497 |   1.473 |   0.193 |       0.000 |       0.000 |  756.108 |   21.875
     Upper |  135 |    377 |   0.621 |   0.485 |   1.467 |   0.190 |       0.000 |       0.000 |  755.056 |   21.122
     Upper |  136 |    374 |   0.583 |   0.493 |   1.463 |   0.183 |       0.000 |       0.000 |  756.821 |   20.248
     Upper |  137 |    369 |   0.623 |   0.485 |   1.474 |   0.193 |       0.000 |       0.000 |  757.751 |   22.169
     Upper |  138 |    383 |   0.629 |   0.483 |   1.456 |   0.182 |       0.000 |       0.000 |  758.008 |   21.726
     Upper |  139 |    370 |   0.614 |   0.487 |   1.472 |   0.190 |       0.000 |       0.000 |  757.197 |   20.744
     Upper |  140 |    376 |   0.652 |   0.476 |   1.451 |   0.180 |       0.000 |       0.000 |  755.481 |   21.425
     Upper |  141 |    365 |   0.603 |   0.489 |   1.479 |   0.181 |       0.000 |       0.000 |  757.907 |   20.528
     Upper |  142 |    361 |   0.596 |   0.491 |   1.469 |   0.187 |       0.000 |       0.000 |  754.953 |   21.523
     Upper |  143 |    387 |   0.651 |   0.477 |   1.467 |   0.176 |       0.000 |       0.000 |  759.287 |   20.999
     Upper |  144 |    402 |   0.629 |   0.483 |   1.454 |   0.190 |       0.000 |       0.000 |  755.167 |   21.570
     Upper |  145 |    347 |   0.611 |   0.488 |   1.479 |   0.184 |       0.000 |       0.000 |  755.614 |   21.767
     Upper |  146 |    395 |   0.597 |   0.490 |   1.461 |   0.174 |       0.000 |       0.000 |  757.947 |   22.116
     Upper |  147 |    357 |   0.630 |   0.483 |   1.455 |   0.179 |       0.000 |       0.000 |  756.465 |   20.154
     Upper |  148 |    397 |   0.597 |   0.491 |   1.463 |   0.179 |       0.000 |       0.000 |  757.421 |   21.255
     Upper |  149 |    391 |   0.639 |   0.480 |   1.460 |   0.179 |       0.000 |       0.000 |  758.051 |   21.209
     Upper |  150 |    347 |   0.617 |   0.486 |   1.460 |   0.172 |       0.000 |       0.000 |  756.170 |   23.402
     Upper |  151 |    374 |   0.596 |   0.491 |   1.457 |   0.184 |       0.000 |       0.000 |  757.179 |   21.560
     Upper |  152 |    381 |   0.619 |   0.486 |   1.459 |   0.163 |       0.000 |       0.000 |  755.811 |   22.806
     Upper |  153 |    392 |   0.617 |   0.486 |   1.469 |   0.181 |       0.000 |       0.000 |  756.954 |   23.642
     Upper |  154 |    387 |   0.620 |   0.485 |   1.458 |   0.175 |       0.000 |       0.000 |  756.300 |   21.216
     Upper |  155 |    355 |   0.654 |   0.476 |   1.460 |   0.176 |       0.000 |       0.000 |  757.163 |   21.611
     Upper |  156 |    390 |   0.633 |   0.482 |   1.455 |   0.186 |       0.000 |       0.000 |  755.256 |   20.727
     Upper |  157 |    393 |   0.618 |   0.486 |   1.462 |   0.173 |       0.000 |       0.000 |  757.155 |   21.595
     Upper |  158 |    378 |   0.574 |   0.494 |   1.462 |   0.172 |       0.000 |       0.000 |  756.526 |   21.406
     Upper |  159 |    399 |   0.589 |   0.492 |   1.463 |   0.174 |       0.000 |       0.000 |  758.409 |   21.203
     Upper |  160 |    349 |   0.619 |   0.486 |   1.459 |   0.174 |       0.000 |       0.000 |  758.582 |   21.189
     Upper |  161 |    358 |   0.595 |   0.491 |   1.455 |   0.174 |       0.000 |       0.000 |  757.897 |   20.923
     Upper |  162 |    398 |   0.616 |   0.486 |   1.461 |   0.176 |       0.000 |       0.000 |  756.940 |   21.197
     Upper |  163 |    365 |   0.638 |   0.480 |   1.461 |   0.176 |       0.000 |       0.000 |  756.992 |   22.093
     Upper |  164 |    370 |   0.622 |   0.485 |   1.481 |   0.175 |       0.000 |       0.000 |  757.297 |   21.714
     Upper |  165 |    380 |   0.645 |   0.479 |   1.463 |   0.165 |       0.000 |       0.000 |  756.445 |   21.867
     Upper |  166 |    389 |   0.627 |   0.484 |   1.471 |   0.169 |       0.000 |       0.000 |  757.380 |   21.935
     Upper |  167 |    363 |   0.645 |   0.479 |   1.466 |   0.170 |       0.000 |       0.000 |  757.556 |   22.014
     Upper |  168 |    376 |   0.614 |   0.487 |   1.451 |   0.162 |       0.000 |       0.000 |  755.848 |   22.084
     Upper |  169 |    379 |   0.588 |   0.492 |   1.464 |   0.178 |       0.000 |       0.000 |  757.011 |   21.490
     Upper |  170 |    383 |   0.668 |   0.471 |   1.462 |   0.174 |       0.000 |       0.000 |  758.590 |   20.793
     Upper |  171 |    383 |   0.671 |   0.470 |   1.448 |   0.166 |       0.000 |       0.000 |  756.003 |   21.075
     Upper |  172 |    372 |   0.608 |   0.488 |   1.459 |   0.174 |       0.000 |       0.000 |  757.156 |   21.783
     Upper |  173 |    367 |   0.580 |   0.493 |   1.461 |   0.161 |       0.000 |       0.000 |  756.431 |   21.075
     Upper |  174 |    406 |   0.616 |   0.486 |   1.464 |   0.169 |       0.000 |       0.000 |  758.663 |   22.055
     Upper |  175 |    356 |   0.576 |   0.494 |   1.453 |   0.171 |       0.000 |       0.000 |  756.570 |   19.621
     Upper |  176 |    380 |   0.626 |   0.484 |   1.466 |   0.160 |       0.000 |       0.000 |  757.755 |   22.041
     Upper |  177 |    370 |   0.638 |   0.481 |   1.457 |   0.160 |       0.000 |       0.000 |  755.746 |   20.886
     Upper |  178 |    404 |   0.661 |   0.473 |   1.451 |   0.170 |       0.000 |       0.000 |  756.624 |   21.375
     Upper |  179 |    379 |   0.588 |   0.492 |   1.477 |   0.159 |       0.000 |       0.000 |  757.918 |   21.194
     Upper |  180 |    377 |   0.626 |   0.484 |   1.446 |   0.165 |       0.000 |       0.000 |  757.255 |   21.285
     Upper |  181 |    378 |   0.627 |   0.484 |   1.453 |   0.167 |       0.000 |       0.000 |  755.778 |   22.662
     Upper |  182 |    374 |   0.588 |   0.492 |   1.475 |   0.175 |       0.000 |       0.000 |  759.703 |   20.796
     Upper |  183 |    384 |   0.565 |   0.496 |   1.436 |   0.161 |       0.000 |       0.000 |  758.104 |   20.267
     Upper |  184 |    378 |   0.646 |   0.478 |   1.445 |   0.162 |       0.000 |       0.000 |  757.328 |   20.785
     Upper |  185 |    357 |   0.636 |   0.481 |   1.457 |   0.163 |       0.000 |       0.000 |  755.277 |   21.438
     Upper |  186 |    390 |   0.610 |   0.488 |   1.437 |   0.151 |       0.000 |       0.000 |  758.079 |   21.691
     Upper |  187 |    348 |   0.595 |   0.491 |   1.455 |   0.170 |       0.000 |       0.000 |  755.724 |   22.334
     Upper |  188 |    382 |   0.560 |   0.496 |   1.443 |   0.159 |       0.000 |       0.000 |  757.487 |   22.482
     Upper |  189 |    377 |   0.594 |   0.491 |   1.461 |   0.162 |       0.000 |       0.000 |  758.050 |   22.841
     Upper |  190 |    383 |   0.595 |   0.491 |   1.459 |   0.156 |       0.000 |       0.000 |  755.193 |   21.190
     Upper |  191 |    373 |   0.587 |   0.492 |   1.459 |   0.166 |       0.000 |       0.000 |  757.046 |   21.397
     Upper |  192 |    378 |   0.606 |   0.489 |   1.447 |   0.160 |       0.000 |       0.000 |  755.508 |   21.714
     Upper |  193 |    382 |   0.610 |   0.488 |   1.470 |   0.156 |       0.000 |       0.000 |  756.657 |   20.981
     Upper |  194 |    383 |   0.595 |   0.491 |   1.451 |   0.158 |       0.000 |       0.000 |  754.851 |   21.907
     Upper |  195 |    364 |   0.665 |   0.472 |   1.433 |   0.167 |       0.000 |       0.000 |  757.607 |   21.523
     Upper |  196 |    386 |   0.598 |   0.490 |   1.452 |   0.163 |       0.000 |       0.000 |  757.588 |   22.642
     Upper |  197 |    385 |   0.590 |   0.492 |   1.456 |   0.169 |       0.000 |       0.000 |  757.600 |   22.095
     Upper |  198 |    368 |   0.590 |   0.492 |   1.453 |   0.155 |       0.000 |       0.000 |  757.144 |   19.518
     Upper |  199 |    394 |   0.594 |   0.491 |   1.460 |   0.158 |       0.000 |       0.000 |  755.576 |   22.806
 Randomize |    1 |    503 |   1.000 |   0.000 |     inf |     nan |       1.000 |       0.000 |    0.000 |    0.000
 Randomize |    2 |    322 |   1.000 |   0.000 |     inf |     nan |       1.000 |       0.000 |    0.000 |    0.000
 Randomize |    3 |    396 |   0.828 |   0.377 |     inf |     nan |       0.652 |       0.476 |   10.000 |    0.000
 Randomize |    4 |    394 |   0.713 |   0.452 |   2.480 |     nan |       0.409 |       0.492 |   46.000 |    0.000
 Randomize |    5 |    376 |   0.676 |   0.468 |   2.083 |     nan |       0.250 |       0.433 |  276.000 |    0.000
 Randomize |    6 |    399 |   0.712 |   0.453 |   2.067 |     nan |       0.168 |       0.374 |  752.421 |   17.147
 Randomize |    7 |    372 |   0.702 |   0.458 |   1.867 |     nan |       0.132 |       0.338 |  761.062 |   21.258
 Randomize |    8 |    355 |   0.682 |   0.466 |   1.737 |     nan |       0.070 |       0.256 |  757.251 |   21.166
 Randomize |    9 |    393 |   0.669 |   0.470 |   1.658 |     nan |       0.048 |       0.214 |  757.672 |   21.580
 Randomize |   10 |    366 |   0.642 |   0.479 |   1.689 |     nan |       0.019 |       0.137 |  758.000 |   20.853
 Randomize |   11 |    365 |   0.682 |   0.466 |   1.689 |     nan |       0.014 |       0.116 |  756.096 |   22.724
 Randomize |   12 |    362 |   0.652 |   0.476 |   1.640 |   0.887 |       0.000 |       0.000 |  757.282 |   20.133
 Randomize |   13 |    360 |   0.650 |   0.477 |   1.652 |   0.721 |       0.000 |       0.000 |  758.239 |   22.534
 Randomize |   14 |    427 |   0.625 |   0.484 |   1.670 |   0.743 |       0.000 |       0.000 |  757.201 |   21.687
 Randomize |   15 |    363 |   0.614 |   0.487 |   1.638 |   0.686 |       0.000 |       0.000 |  756.017 |   22.956
 Randomize |   16 |    386 |   0.655 |   0.475 |   1.576 |   0.689 |       0.000 |       0.000 |  755.378 |   21.279
 Randomize |   17 |    379 |   0.639 |   0.480 |   1.568 |   0.627 |       0.000 |       0.000 |  756.224 |   22.000
 Randomize |   18 |    370 |   0.622 |   0.485 |   1.567 |   0.569 |       0.000 |       0.000 |  759.268 |   21.376
 Randomize |   19 |    401 |   0.678 |   0.467 |   1.546 |   0.597 |       0.000 |       0.000 |  758.180 |   20.707
 Randomize |   20 |    361 |   0.612 |   0.487 |   1.574 |   0.560 |       0.000 |       0.000 |  758.177 |   20.086
 Randomize |   21 |    378 |   0.627 |   0.484 |   1.549 |   0.580 |       0.000 |       0.000 |  756.286 |   21.556
 Randomize |   22 |    402 |   0.607 |   0.488 |   1.488 |   0.491 |       0.000 |       0.000 |  759.701 |   21.342
 Randomize |   23 |    372 |   0.656 |   0.475 |   1.534 |   0.511 |       0.000 |       0.000 |  755.277 |   21.642
 Randomize |   24 |    385 |   0.642 |   0.480 |   1.556 |   0.493 |       0.000 |       0.000 |  759.078 |   22.497
 Randomize |   25 |    377 |   0.623 |   0.485 |   1.535 |   0.459 |       0.000 |       0.000 |  758.212 |   21.086
 Randomize |   26 |    392 |   0.589 |   0.492 |   1.527 |   0.458 |       0.000 |       0.000 |  756.393 |   21.417
 Randomize |   27 |    383 |   0.637 |   0.481 |   1.513 |   0.457 |       0.000 |       0.000 |  756.535 |   21.900
 Randomize |   28 |    373 |   0.638 |   0.481 |   1.532 |   0.420 |       0.000 |       0.000 |  759.724 |   21.791
 Randomize |   29 |    363 |   0.653 |   0.476 |   1.501 |   0.433 |       0.000 |       0.000 |  758.394 |   21.138
 Randomize |   30 |    400 |   0.625 |   0.484 |   1.522 |   0.429 |       0.000 |       0.000 |  754.810 |   20.793
 Randomize |   31 |    383 |   0.650 |   0.477 |   1.540 |   0.392 |       0.000 |       0.000 |  757.580 |   22.059
 Randomize |   32 |    376 |   0.684 |   0.465 |   1.511 |   0.424 |       0.000 |       0.000 |  757.250 |   21.795
 Randomize |   33 |    391 |   0.639 |   0.480 |   1.498 |   0.390 |       0.000 |       0.000 |  757.077 |   22.046
 Randomize |   34 |    383 |   0.629 |   0.483 |   1.482 |   0.425 |       0.000 |       0.000 |  756.037 |   21.292
 Randomize |   35 |    361 |   0.632 |   0.482 |   1.474 |   0.368 |       0.000 |       0.000 |  756.091 |   20.919
 Randomize |   36 |    369 |   0.564 |   0.496 |   1.537 |   0.388 |       0.000 |       0.000 |  758.049 |   21.023
 Randomize |   37 |    378 |   0.696 |   0.460 |   1.515 |   0.390 |       0.000 |       0.000 |  757.563 |   22.407
 Randomize |   38 |    377 |   0.613 |   0.487 |   1.433 |   0.380 |       0.000 |       0.000 |  756.122 |   22.117
 Randomize |   39 |    368 |   0.660 |   0.474 |   1.491 |   0.360 |       0.000 |       0.000 |  755.193 |   22.028
 Randomize |   40 |    367 |   0.616 |   0.486 |   1.474 |   0.364 |       0.000 |       0.000 |  756.624 |   21.459
 Randomize |   41 |    368 |   0.609 |   0.488 |   1.465 |   0.370 |       0.000 |       0.000 |  757.416 |   20.714
 Randomize |   42 |    370 |   0.627 |   0.484 |   1.455 |   0.347 |       0.000 |       0.000 |  757.403 |   20.949
 Randomize |   43 |    395 |   0.608 |   0.488 |   1.469 |   0.352 |       0.000 |       0.000 |  757.096 |   20.806
 Randomize |   44 |    396 |   0.619 |   0.486 |   1.481 |   0.346 |       0.000 |       0.000 |  756.513 |   21.799
 Randomize |   45 |    361 |   0.571 |   0.495 |   1.464 |   0.325 |       0.000 |       0.000 |  756.374 |   22.703
 Randomize |   46 |    373 |   0.633 |   0.482 |   1.460 |   0.343 |       0.000 |       0.000 |  757.890 |   21.477
 Randomize |   47 |    367 |   0.613 |   0.487 |   1.495 |   0.344 |       0.000 |       0.000 |  758.357 |   20.576
 Randomize |   48 |    384 |   0.633 |   0.482 |   1.453 |   0.343 |       0.000 |       0.000 |  757.560 |   20.988
 Randomize |   49 |    346 |   0.587 |   0.492 |   1.455 |   0.303 |       0.000 |       0.000 |  755.951 |   21.608
 Randomize |   50 |    386 |   0.614 |   0.487 |   1.425 |   0.323 |       0.000 |       0.000 |  756.267 |   22.014
 Randomize |   51 |    387 |   0.581 |   0.493 |   1.464 |   0.334 |       0.000 |       0.000 |  757.959 |   22.583
 Randomize |   52 |    370 |   0.603 |   0.489 |   1.454 |   0.309 |       0.000 |       0.000 |  756.532 |   21.862
 Randomize |   53 |    407 |   0.600 |   0.490 |   1.452 |   0.315 |       0.000 |       0.000 |  757.570 |   22.345
 Randomize |   54 |    404 |   0.559 |   0.496 |   1.435 |   0.297 |       0.000 |       0.000 |  756.854 |   21.848
 Randomize |   55 |    336 |   0.616 |   0.486 |   1.468 |   0.308 |       0.000 |       0.000 |  756.452 |   21.235
 Randomize |   56 |    388 |   0.588 |   0.492 |   1.433 |   0.286 |       0.000 |       0.000 |  757.466 |   19.894
 Randomize |   57 |    402 |   0.622 |   0.485 |   1.457 |   0.301 |       0.000 |       0.000 |  759.565 |   22.275
 Randomize |   58 |    357 |   0.608 |   0.488 |   1.475 |   0.290 |       0.000 |       0.000 |  755.591 |   22.694
 Randomize |   59 |    385 |   0.613 |   0.487 |   1.445 |   0.295 |       0.000 |       0.000 |  755.294 |   20.278
 Randomize |   60 |    393 |   0.631 |   0.483 |   1.459 |   0.291 |       0.000 |       0.000 |  754.842 |   21.537
 Randomize |   61 |    367 |   0.578 |   0.494 |   1.463 |   0.277 |       0.000 |       0.000 |  756.932 |   20.922
 Randomize |   62 |    384 |   0.557 |   0.497 |   1.456 |   0.286 |       0.000 |       0.000 |  755.677 |   20.792
 Randomize |   63 |    406 |   0.631 |   0.483 |   1.466 |   0.292 |       0.000 |       0.000 |  754.788 |   21.852
 Randomize |   64 |    371 |   0.606 |   0.489 |   1.441 |   0.259 |       0.000 |       0.000 |  757.566 |   23.688
 Randomize |   65 |    375 |   0.672 |   0.469 |   1.467 |   0.287 |       0.000 |       0.000 |  758.555 |   21.601
 Randomize |   66 |    367 |   0.594 |   0.491 |   1.440 |   0.270 |       0.000 |       0.000 |  755.649 |   21.711
 Randomize |   67 |    362 |   0.622 |   0.485 |   1.437 |   0.276 |       0.000 |       0.000 |  757.539 |   20.285
 Randomize |   68 |    388 |   0.554 |   0.497 |   1.456 |   0.285 |       0.000 |       0.000 |  755.820 |   20.849
 Randomize |   69 |    385 |   0.616 |   0.486 |   1.444 |   0.269 |       0.000 |       0.000 |  758.091 |   20.994
 Randomize |   70 |    386 |   0.617 |   0.486 |   1.450 |   0.257 |       0.000 |       0.000 |  757.899 |   20.792
 Randomize |   71 |    351 |   0.667 |   0.471 |   1.461 |   0.274 |       0.000 |       0.000 |  756.085 |   23.649
 Randomize |   72 |    371 |   0.601 |   0.490 |   1.449 |   0.263 |       0.000 |       0.000 |  754.968 |   23.191
 Randomize |   73 |    365 |   0.567 |   0.495 |   1.458 |   0.262 |       0.000 |       0.000 |  759.447 |   22.353
 Randomize |   74 |    385 |   0.574 |   0.494 |   1.470 |   0.257 |       0.000 |       0.000 |  755.566 |   21.477
 Randomize |   75 |    358 |   0.651 |   0.477 |   1.455 |   0.251 |       0.000 |       0.000 |  755.866 |   21.753
 Randomize |   76 |    402 |   0.652 |   0.476 |   1.463 |   0.266 |       0.000 |       0.000 |  757.562 |   20.951
 Randomize |   77 |    402 |   0.624 |   0.484 |   1.441 |   0.247 |       0.000 |       0.000 |  757.328 |   20.920
 Randomize |   78 |    356 |   0.638 |   0.481 |   1.444 |   0.259 |       0.000 |       0.000 |  759.480 |   20.706
 Randomize |   79 |    356 |   0.556 |   0.497 |   1.457 |   0.252 |       0.000 |       0.000 |  756.247 |   22.301
 Randomize |   80 |    384 |   0.591 |   0.492 |   1.426 |   0.240 |       0.000 |       0.000 |  758.385 |   21.730
 Randomize |   81 |    383 |   0.645 |   0.479 |   1.473 |   0.243 |       0.000 |       0.000 |  758.180 |   21.407
 Randomize |   82 |    361 |   0.596 |   0.491 |   1.457 |   0.243 |       0.000 |       0.000 |  759.651 |   21.026
 Randomize |   83 |    371 |   0.609 |   0.488 |   1.440 |   0.246 |       0.000 |       0.000 |  756.698 |   21.073
 Randomize |   84 |    375 |   0.576 |   0.494 |   1.474 |   0.243 |       0.000 |       0.000 |  756.216 |   21.608
 Randomize |   85 |    381 |   0.685 |   0.465 |   1.448 |   0.229 |       0.000 |       0.000 |  756.971 |   21.764
 Randomize |   86 |    356 |   0.596 |   0.491 |   1.427 |   0.255 |       0.000 |       0.000 |  756.882 |   22.564
 Randomize |   87 |    375 |   0.605 |   0.489 |   1.413 |   0.237 |       0.000 |       0.000 |  756.397 |   20.854
 Randomize |   88 |    388 |   0.577 |   0.494 |   1.452 |   0.244 |       0.000 |       0.000 |  757.802 |   21.267
 Randomize |   89 |    354 |   0.621 |   0.485 |   1.458 |   0.229 |       0.000 |       0.000 |  757.901 |   21.733
 Randomize |   90 |    397 |   0.650 |   0.477 |   1.437 |   0.221 |       0.000 |       0.000 |  756.191 |   21.593
 Randomize |   91 |    385 |   0.610 |   0.488 |   1.447 |   0.217 |       0.000 |       0.000 |  756.465 |   22.961
 Randomize |   92 |    361 |   0.593 |   0.491 |   1.447 |   0.234 |       0.000 |       0.000 |  756.748 |   22.649
 Randomize |   93 |    384 |   0.609 |   0.488 |   1.437 |   0.235 |       0.000 |       0.000 |  755.208 |   21.339
 Randomize |   94 |    347 |   0.614 |   0.487 |   1.427 |   0.218 |       0.000 |       0.000 |  756.775 |   20.470
 Randomize |   95 |    392 |   0.589 |   0.492 |   1.422 |   0.222 |       0.000 |       0.000 |  757.056 |   20.664
 Randomize |   96 |    386 |   0.622 |   0.485 |   1.452 |   0.218 |       0.000 |       0.000 |  758.503 |   20.563
 Randomize |   97 |    362 |   0.638 |   0.481 |   1.418 |   0.221 |       0.000 |       0.000 |  758.019 |   22.629
 Randomize |   98 |    407 |   0.590 |   0.492 |   1.429 |   0.221 |       0.000 |       0.000 |  757.703 |   21.804
 Randomize |   99 |    381 |   0.622 |   0.485 |   1.449 |   0.215 |       0.000 |       0.000 |  755.168 |   21.800
 Randomize |  100 |    374 |   0.644 |   0.479 |   1.449 |   0.221 |       0.000 |       0.000 |  755.078 |   22.829
 Randomize |  101 |    393 |   0.646 |   0.478 |   1.432 |   0.222 |       0.000 |       0.000 |  755.649 |   22.901
 Randomize |  102 |    379 |   0.615 |   0.487 |   1.433 |   0.200 |       0.000 |       0.000 |  756.818 |   21.237
 Randomize |  103 |    383 |   0.603 |   0.489 |   1.430 |   0.219 |       0.000 |       0.000 |  759.744 |   22.014
 Randomize |  104 |    385 |   0.595 |   0.491 |   1.443 |   0.212 |       0.000 |       0.000 |  756.551 |   21.737
 Randomize |  105 |    364 |   0.602 |   0.490 |   1.444 |   0.207 |       0.000 |       0.000 |  757.736 |   20.307
 Randomize |  106 |    375 |   0.597 |   0.490 |   1.443 |   0.214 |       0.000 |       0.000 |  756.699 |   22.014
 Randomize |  107 |    377 |   0.602 |   0.489 |   1.431 |   0.209 |       0.000 |       0.000 |  756.143 |   21.610
 Randomize |  108 |    390 |   0.610 |   0.488 |   1.431 |   0.204 |       0.000 |       0.000 |  757.082 |   21.908
 Randomize |  109 |    366 |   0.563 |   0.496 |   1.428 |   0.216 |       0.000 |       0.000 |  757.582 |   22.148
 Randomize |  110 |    385 |   0.618 |   0.486 |   1.454 |   0.206 |       0.000 |       0.000 |  757.605 |   22.653
 Randomize |  111 |    384 |   0.607 |   0.488 |   1.436 |   0.203 |       0.000 |       0.000 |  758.276 |   21.784
 Randomize |  112 |    369 |   0.640 |   0.480 |   1.422 |   0.207 |       0.000 |       0.000 |  756.721 |   22.201
 Randomize |  113 |    382 |   0.636 |   0.481 |   1.435 |   0.200 |       0.000 |       0.000 |  756.175 |   23.366
 Randomize |  114 |    393 |   0.654 |   0.476 |   1.432 |   0.213 |       0.000 |       0.000 |  756.858 |   22.216
 Randomize |  115 |    374 |   0.618 |   0.486 |   1.436 |   0.198 |       0.000 |       0.000 |  757.733 |   21.219
 Randomize |  116 |    358 |   0.609 |   0.488 |   1.432 |   0.193 |       0.000 |       0.000 |  756.223 |   18.821
 Randomize |  117 |    379 |   0.575 |   0.494 |   1.431 |   0.207 |       0.000 |       0.000 |  754.575 |   22.996
 Randomize |  118 |    397 |   0.615 |   0.487 |   1.423 |   0.196 |       0.000 |       0.000 |  757.836 |   21.247
 Randomize |  119 |    366 |   0.585 |   0.493 |   1.424 |   0.186 |       0.000 |       0.000 |  755.645 |   21.035
 Randomize |  120 |    364 |   0.593 |   0.491 |   1.441 |   0.194 |       0.000 |       0.000 |  755.203 |   22.379
 Randomize |  121 |    399 |   0.627 |   0.484 |   1.435 |   0.196 |       0.000 |       0.000 |  756.459 |   22.701
 Randomize |  122 |    371 |   0.609 |   0.488 |   1.444 |   0.209 |       0.000 |       0.000 |  755.792 |   21.110
 Randomize |  123 |    339 |   0.614 |   0.487 |   1.428 |   0.189 |       0.000 |       0.000 |  756.174 |   21.937
 Randomize |  124 |    390 |   0.592 |   0.491 |   1.434 |   0.199 |       0.000 |       0.000 |  756.915 |   21.552
 Randomize |  125 |    359 |   0.638 |   0.481 |   1.432 |   0.196 |       0.000 |       0.000 |  757.791 |   20.899
 Randomize |  126 |    386 |   0.658 |   0.474 |   1.431 |   0.187 |       0.000 |       0.000 |  755.596 |   21.545
 Randomize |  127 |    390 |   0.585 |   0.493 |   1.443 |   0.198 |       0.000 |       0.000 |  756.008 |   22.852
 Randomize |  128 |    388 |   0.631 |   0.482 |   1.443 |   0.187 |       0.000 |       0.000 |  755.778 |   20.622
 Randomize |  129 |    403 |   0.628 |   0.483 |   1.432 |   0.188 |       0.000 |       0.000 |  758.216 |   22.337
 Randomize |  130 |    369 |   0.688 |   0.463 |   1.427 |   0.190 |       0.000 |       0.000 |  754.073 |   20.731
 Randomize |  131 |    395 |   0.567 |   0.495 |   1.430 |   0.195 |       0.000 |       0.000 |  759.965 |   21.656
 Randomize |  132 |    375 |   0.600 |   0.490 |   1.439 |   0.187 |       0.000 |       0.000 |  756.011 |   22.762
 Randomize |  133 |    401 |   0.594 |   0.491 |   1.437 |   0.183 |       0.000 |       0.000 |  758.092 |   22.167
 Randomize |  134 |    408 |   0.554 |   0.497 |   1.438 |   0.192 |       0.000 |       0.000 |  756.105 |   21.650
 Randomize |  135 |    377 |   0.613 |   0.487 |   1.425 |   0.186 |       0.000 |       0.000 |  754.971 |   21.146
 Randomize |  136 |    374 |   0.567 |   0.496 |   1.426 |   0.180 |       0.000 |       0.000 |  756.709 |   20.146
 Randomize |  137 |    369 |   0.618 |   0.486 |   1.441 |   0.190 |       0.000 |       0.000 |  757.756 |   22.099
 Randomize |  138 |    383 |   0.621 |   0.485 |   1.429 |   0.182 |       0.000 |       0.000 |  757.979 |   21.734
 Randomize |  139 |    370 |   0.597 |   0.490 |   1.442 |   0.189 |       0.000 |       0.000 |  757.146 |   20.668
 Randomize |  140 |    376 |   0.636 |   0.481 |   1.429 |   0.179 |       0.000 |       0.000 |  755.441 |   21.540
 Randomize |  141 |    365 |   0.589 |   0.492 |   1.435 |   0.179 |       0.000 |       0.000 |  757.942 |   20.612
 Randomize |  142 |    361 |   0.582 |   0.493 |   1.443 |   0.182 |       0.000 |       0.000 |  755.072 |   21.580
 Randomize |  143 |    387 |   0.641 |   0.480 |   1.438 |   0.171 |       0.000 |       0.000 |  759.341 |   21.023
 Randomize |  144 |    402 |   0.619 |   0.486 |   1.417 |   0.185 |       0.000 |       0.000 |  755.080 |   21.559
 Randomize |  145 |    347 |   0.599 |   0.490 |   1.449 |   0.184 |       0.000 |       0.000 |  755.582 |   21.672
 Randomize |  146 |    395 |   0.587 |   0.492 |   1.425 |   0.173 |       0.000 |       0.000 |  757.747 |   22.119
 Randomize |  147 |    357 |   0.622 |   0.485 |   1.423 |   0.175 |       0.000 |       0.000 |  756.549 |   20.112
 Randomize |  148 |    397 |   0.589 |   0.492 |   1.439 |   0.173 |       0.000 |       0.000 |  757.479 |   21.302
 Randomize |  149 |    391 |   0.632 |   0.482 |   1.430 |   0.178 |       0.000 |       0.000 |  757.946 |   21.263
 Randomize |  150 |    347 |   0.608 |   0.488 |   1.429 |   0.171 |       0.000 |       0.000 |  756.150 |   23.419
 Randomize |  151 |    374 |   0.596 |   0.491 |   1.430 |   0.182 |       0.000 |       0.000 |  757.214 |   21.618
 Randomize |  152 |    381 |   0.601 |   0.490 |   1.426 |   0.163 |       0.000 |       0.000 |  755.829 |   22.693
 Randomize |  153 |    392 |   0.610 |   0.488 |   1.433 |   0.178 |       0.000 |       0.000 |  757.064 |   23.485
 Randomize |  154 |    387 |   0.612 |   0.487 |   1.432 |   0.173 |       0.000 |       0.000 |  756.256 |   21.186
 Randomize |  155 |    355 |   0.628 |   0.483 |   1.425 |   0.173 |       0.000 |       0.000 |  757.149 |   21.463
 Randomize |  156 |    390 |   0.613 |   0.487 |   1.420 |   0.184 |       0.000 |       0.000 |  755.323 |   20.627
 Randomize |  157 |    393 |   0.606 |   0.489 |   1.431 |   0.172 |       0.000 |       0.000 |  757.168 |   21.567
 Randomize |  158 |    378 |   0.566 |   0.496 |   1.432 |   0.167 |       0.000 |       0.000 |  756.577 |   21.508
 Randomize |  159 |    399 |   0.576 |   0.494 |   1.429 |   0.175 |       0.000 |       0.000 |  758.203 |   21.237
 Randomize |  160 |    349 |   0.607 |   0.488 |   1.426 |   0.170 |       0.000 |       0.000 |  758.585 |   21.180
 Randomize |  161 |    358 |   0.581 |   0.493 |   1.427 |   0.173 |       0.000 |       0.000 |  757.804 |   20.891
 Randomize |  162 |    398 |   0.601 |   0.490 |   1.438 |   0.171 |       0.000 |       0.000 |  756.834 |   21.194
 Randomize |  163 |    365 |   0.636 |   0.481 |   1.439 |   0.174 |       0.000 |       0.000 |  757.052 |   22.087
 Randomize |  164 |    370 |   0.616 |   0.486 |   1.458 |   0.174 |       0.000 |       0.000 |  757.270 |   21.767
 Randomize |  165 |    380 |   0.637 |   0.481 |   1.431 |   0.162 |       0.000 |       0.000 |  756.466 |   22.108
 Randomize |  166 |    389 |   0.607 |   0.488 |   1.449 |   0.165 |       0.000 |       0.000 |  757.319 |   21.892
 Randomize |  167 |    363 |   0.628 |   0.483 |   1.430 |   0.171 |       0.000 |       0.000 |  757.636 |   21.916
 Randomize |  168 |    376 |   0.604 |   0.489 |   1.427 |   0.161 |       0.000 |       0.000 |  755.875 |   22.040
 Randomize |  169 |    379 |   0.578 |   0.494 |   1.434 |   0.175 |       0.000 |       0.000 |  756.992 |   21.543
 Randomize |  170 |    383 |   0.661 |   0.474 |   1.432 |   0.172 |       0.000 |       0.000 |  758.770 |   20.823
 Randomize |  171 |    383 |   0.666 |   0.472 |   1.421 |   0.163 |       0.000 |       0.000 |  755.977 |   21.089
 Randomize |  172 |    372 |   0.605 |   0.489 |   1.430 |   0.172 |       0.000 |       0.000 |  757.126 |   21.741
 Randomize |  173 |    367 |   0.575 |   0.494 |   1.424 |   0.161 |       0.000 |       0.000 |  756.384 |   21.026
 Randomize |  174 |    406 |   0.606 |   0.489 |   1.432 |   0.167 |       0.000 |       0.000 |  758.633 |   22.020
 Randomize |  175 |    356 |   0.570 |   0.495 |   1.427 |   0.168 |       0.000 |       0.000 |  756.584 |   19.641
 Randomize |  176 |    380 |   0.621 |   0.485 |   1.436 |   0.156 |       0.000 |       0.000 |  757.768 |   22.016
 Randomize |  177 |    370 |   0.635 |   0.481 |   1.438 |   0.159 |       0.000 |       0.000 |  755.789 |   20.788
 Randomize |  178 |    404 |   0.661 |   0.473 |   1.438 |   0.166 |       0.000 |       0.000 |  756.606 |   21.294
 Randomize |  179 |    379 |   0.578 |   0.494 |   1.451 |   0.155 |       0.000 |       0.000 |  758.026 |   21.256
 Randomize |  180 |    377 |   0.615 |   0.487 |   1.419 |   0.165 |       0.000 |       0.000 |  757.191 |   21.247
 Randomize |  181 |    378 |   0.616 |   0.486 |   1.430 |   0.165 |       0.000 |       0.000 |  755.772 |   22.591
 Randomize |  182 |    374 |   0.583 |   0.493 |   1.442 |   0.173 |       0.000 |       0.000 |  759.561 |   20.819
 Randomize |  183 |    384 |   0.557 |   0.497 |   1.416 |   0.160 |       0.000 |       0.000 |  758.117 |   20.438
 Randomize |  184 |    378 |   0.638 |   0.481 |   1.421 |   0.161 |       0.000 |       0.000 |  757.362 |   20.847
 Randomize |  185 |    357 |   0.627 |   0.483 |   1.438 |   0.161 |       0.000 |       0.000 |  755.283 |   21.502
 Randomize |  186 |    390 |   0.592 |   0.491 |   1.417 |   0.151 |       0.000 |       0.000 |  758.077 |   21.829
 Randomize |  187 |    348 |   0.592 |   0.491 |   1.442 |   0.168 |       0.000 |       0.000 |  755.816 |   22.198
 Randomize |  188 |    382 |   0.552 |   0.497 |   1.423 |   0.156 |       0.000 |       0.000 |  757.513 |   22.435
 Randomize |  189 |    377 |   0.592 |   0.492 |   1.432 |   0.160 |       0.000 |       0.000 |  758.066 |   22.816
 Randomize |  190 |    383 |   0.593 |   0.491 |   1.426 |   0.154 |       0.000 |       0.000 |  755.078 |   21.078
 Randomize |  191 |    373 |   0.566 |   0.496 |   1.430 |   0.165 |       0.000 |       0.000 |  757.185 |   21.340
 Randomize |  192 |    378 |   0.601 |   0.490 |   1.425 |   0.160 |       0.000 |       0.000 |  755.524 |   21.728
 Randomize |  193 |    382 |   0.605 |   0.489 |   1.449 |   0.153 |       0.000 |       0.000 |  756.733 |   20.824
 Randomize |  194 |    383 |   0.587 |   0.492 |   1.426 |   0.158 |       0.000 |       0.000 |  754.775 |   21.901
 Randomize |  195 |    364 |   0.662 |   0.473 |   1.411 |   0.163 |       0.000 |       0.000 |  757.541 |   21.590
 Randomize |  196 |    386 |   0.588 |   0.492 |   1.428 |   0.159 |       0.000 |       0.000 |  757.642 |   22.489
 Randomize |  197 |    385 |   0.587 |   0.492 |   1.436 |   0.167 |       0.000 |       0.000 |  757.475 |   22.193
 Randomize |  198 |    368 |   0.584 |   0.493 |   1.428 |   0.154 |       0.000 |       0.000 |  757.141 |   19.447
 Randomize |  199 |    394 |   0.589 |   0.492 |   1.430 |   0.154 |       0.000 |       0.000 |  755.563 |   22.835
